-9.985351562500000000e-01
-1.000976562500000000e+00
-1.003906250000000000e+00
-1.007812500000000000e+00
-1.005859375000000000e+00
-1.003906250000000000e+00
-1.005859375000000000e+00
-1.007812500000000000e+00
-1.007812500000000000e+00
-1.007812500000000000e+00
-1.007812500000000000e+00
-1.007812500000000000e+00
-1.013671875000000000e+00
-1.010742187500000000e+00
-1.013671875000000000e+00
-1.015625000000000000e+00
-1.015625000000000000e+00
-1.017578125000000000e+00
-1.013671875000000000e+00
-1.013671875000000000e+00
-1.010742187500000000e+00
-1.015625000000000000e+00
-1.015625000000000000e+00
-1.013671875000000000e+00
-1.010742187500000000e+00
-1.010742187500000000e+00
-1.013671875000000000e+00
-1.010742187500000000e+00
-1.013671875000000000e+00
-1.015625000000000000e+00
-1.013671875000000000e+00
-1.013671875000000000e+00
-1.013671875000000000e+00
-1.010742187500000000e+00
-1.015625000000000000e+00
-1.015625000000000000e+00
-1.013671875000000000e+00
-1.013671875000000000e+00
-1.013671875000000000e+00
-1.013671875000000000e+00
-1.015625000000000000e+00
-1.013671875000000000e+00
-1.010742187500000000e+00
-1.013671875000000000e+00
-1.015625000000000000e+00
-1.015625000000000000e+00
-1.015625000000000000e+00
-1.013671875000000000e+00
-1.013671875000000000e+00
-1.013671875000000000e+00
-1.015625000000000000e+00
-1.015625000000000000e+00
-1.015625000000000000e+00
-1.015625000000000000e+00
-1.015625000000000000e+00
-1.015625000000000000e+00
-1.017578125000000000e+00
-1.015625000000000000e+00
-1.015625000000000000e+00
-1.015625000000000000e+00
-1.017578125000000000e+00
-1.015625000000000000e+00
-1.013671875000000000e+00
-1.017578125000000000e+00
-1.015625000000000000e+00
-1.017578125000000000e+00
-1.013671875000000000e+00
-1.015625000000000000e+00
-1.017578125000000000e+00
-1.020507812500000000e+00
-1.023437500000000000e+00
-1.017578125000000000e+00
-1.017578125000000000e+00
-1.020507812500000000e+00
-1.023437500000000000e+00
-1.020507812500000000e+00
-1.020507812500000000e+00
-1.020507812500000000e+00
-1.023437500000000000e+00
-1.023437500000000000e+00
-1.020507812500000000e+00
-1.020507812500000000e+00
-1.023437500000000000e+00
-1.023437500000000000e+00
-1.023437500000000000e+00
-1.017578125000000000e+00
-1.020507812500000000e+00
-1.020507812500000000e+00
-1.020507812500000000e+00
-1.023437500000000000e+00
-1.023437500000000000e+00
-1.025390625000000000e+00
-1.023437500000000000e+00
-1.020507812500000000e+00
-1.020507812500000000e+00
-1.023437500000000000e+00
-1.025390625000000000e+00
-1.023437500000000000e+00
-1.025390625000000000e+00
-1.025390625000000000e+00
-1.023437500000000000e+00
-1.023437500000000000e+00
-1.023437500000000000e+00
-1.025390625000000000e+00
-1.025390625000000000e+00
-1.023437500000000000e+00
-1.023437500000000000e+00
-1.025390625000000000e+00
-1.025390625000000000e+00
-1.023437500000000000e+00
-1.020507812500000000e+00
-1.025390625000000000e+00
-1.025390625000000000e+00
-1.025390625000000000e+00
-1.027343750000000000e+00
-1.025390625000000000e+00
-1.025390625000000000e+00
-1.025390625000000000e+00
-1.025390625000000000e+00
-1.023437500000000000e+00
-1.027343750000000000e+00
-1.027343750000000000e+00
-1.030273437500000000e+00
-1.027343750000000000e+00
-1.025390625000000000e+00
-1.027343750000000000e+00
-1.027343750000000000e+00
-1.027343750000000000e+00
-1.030273437500000000e+00
-1.027343750000000000e+00
-1.025390625000000000e+00
-1.025390625000000000e+00
-1.027343750000000000e+00
-1.030273437500000000e+00
-1.030273437500000000e+00
-1.030273437500000000e+00
-1.030273437500000000e+00
-1.033203125000000000e+00
-1.030273437500000000e+00
-1.030273437500000000e+00
-1.027343750000000000e+00
-1.033203125000000000e+00
-1.030273437500000000e+00
-1.027343750000000000e+00
-1.027343750000000000e+00
-1.030273437500000000e+00
-1.033203125000000000e+00
-1.030273437500000000e+00
-1.030273437500000000e+00
-1.033203125000000000e+00
-1.033203125000000000e+00
-1.033203125000000000e+00
-1.033203125000000000e+00
-1.033203125000000000e+00
-1.030273437500000000e+00
-1.030273437500000000e+00
-1.030273437500000000e+00
-1.030273437500000000e+00
-1.030273437500000000e+00
-1.033203125000000000e+00
-1.037109375000000000e+00
-1.037109375000000000e+00
-1.035156250000000000e+00
-1.033203125000000000e+00
-1.030273437500000000e+00
-1.033203125000000000e+00
-1.030273437500000000e+00
-1.030273437500000000e+00
-1.033203125000000000e+00
-1.035156250000000000e+00
-1.035156250000000000e+00
-1.037109375000000000e+00
-1.035156250000000000e+00
-1.035156250000000000e+00
-1.035156250000000000e+00
-1.037109375000000000e+00
-1.037109375000000000e+00
-1.035156250000000000e+00
-1.037109375000000000e+00
-1.037109375000000000e+00
-1.037109375000000000e+00
-1.037109375000000000e+00
-1.037109375000000000e+00
-1.037109375000000000e+00
-1.035156250000000000e+00
-1.035156250000000000e+00
-1.037109375000000000e+00
-1.037109375000000000e+00
-1.035156250000000000e+00
-1.037109375000000000e+00
-1.037109375000000000e+00
-1.035156250000000000e+00
-1.035156250000000000e+00
-1.037109375000000000e+00
-1.037109375000000000e+00
-1.037109375000000000e+00
-1.037109375000000000e+00
-1.037109375000000000e+00
-1.037109375000000000e+00
-1.035156250000000000e+00
-1.035156250000000000e+00
-1.037109375000000000e+00
-1.040039062500000000e+00
-1.040039062500000000e+00
-1.042968750000000000e+00
-1.040039062500000000e+00
-1.040039062500000000e+00
-1.037109375000000000e+00
-1.037109375000000000e+00
-1.040039062500000000e+00
-1.042968750000000000e+00
-1.042968750000000000e+00
-1.042968750000000000e+00
-1.040039062500000000e+00
-1.037109375000000000e+00
-1.040039062500000000e+00
-1.037109375000000000e+00
-1.040039062500000000e+00
-1.040039062500000000e+00
-1.042968750000000000e+00
-1.040039062500000000e+00
-1.037109375000000000e+00
-1.037109375000000000e+00
-1.040039062500000000e+00
-1.040039062500000000e+00
-1.040039062500000000e+00
-1.040039062500000000e+00
-1.040039062500000000e+00
-1.042968750000000000e+00
-1.042968750000000000e+00
-1.040039062500000000e+00
-1.040039062500000000e+00
-1.040039062500000000e+00
-1.042968750000000000e+00
-1.044921875000000000e+00
-1.042968750000000000e+00
-1.042968750000000000e+00
-1.046875000000000000e+00
-1.044921875000000000e+00
-1.044921875000000000e+00
-1.044921875000000000e+00
-1.044921875000000000e+00
-1.044921875000000000e+00
-1.046875000000000000e+00
-1.044921875000000000e+00
-1.044921875000000000e+00
-1.044921875000000000e+00
-1.044921875000000000e+00
-1.044921875000000000e+00
-1.046875000000000000e+00
-1.046875000000000000e+00
-1.046875000000000000e+00
-1.044921875000000000e+00
-1.044921875000000000e+00
-1.044921875000000000e+00
-1.046875000000000000e+00
-1.046875000000000000e+00
-1.049804687500000000e+00
-1.046875000000000000e+00
-1.046875000000000000e+00
-1.046875000000000000e+00
-1.044921875000000000e+00
-1.044921875000000000e+00
-1.044921875000000000e+00
-1.046875000000000000e+00
-1.046875000000000000e+00
-1.046875000000000000e+00
-1.046875000000000000e+00
-1.044921875000000000e+00
-1.044921875000000000e+00
-1.046875000000000000e+00
-1.046875000000000000e+00
-1.049804687500000000e+00
-1.049804687500000000e+00
-1.046875000000000000e+00
-1.046875000000000000e+00
-1.049804687500000000e+00
-1.049804687500000000e+00
-1.049804687500000000e+00
-1.046875000000000000e+00
-1.046875000000000000e+00
-1.049804687500000000e+00
-1.049804687500000000e+00
-1.049804687500000000e+00
-1.052734375000000000e+00
-1.046875000000000000e+00
-1.046875000000000000e+00
-1.046875000000000000e+00
-1.049804687500000000e+00
-1.046875000000000000e+00
-1.046875000000000000e+00
-1.049804687500000000e+00
-1.049804687500000000e+00
-1.049804687500000000e+00
-1.049804687500000000e+00
-1.052734375000000000e+00
-1.054687500000000000e+00
-1.054687500000000000e+00
-1.054687500000000000e+00
-1.052734375000000000e+00
-1.052734375000000000e+00
-1.052734375000000000e+00
-1.049804687500000000e+00
-1.049804687500000000e+00
-1.052734375000000000e+00
-1.054687500000000000e+00
-1.054687500000000000e+00
-1.052734375000000000e+00
-1.052734375000000000e+00
-1.054687500000000000e+00
-1.052734375000000000e+00
-1.052734375000000000e+00
-1.052734375000000000e+00
-1.054687500000000000e+00
-1.054687500000000000e+00
-1.056640625000000000e+00
-1.054687500000000000e+00
-1.052734375000000000e+00
-1.052734375000000000e+00
-1.052734375000000000e+00
-1.054687500000000000e+00
-1.054687500000000000e+00
-1.054687500000000000e+00
-1.054687500000000000e+00
-1.054687500000000000e+00
-1.054687500000000000e+00
-1.054687500000000000e+00
-1.056640625000000000e+00
-1.054687500000000000e+00
-1.056640625000000000e+00
-1.056640625000000000e+00
-1.054687500000000000e+00
-1.052734375000000000e+00
-1.052734375000000000e+00
-1.052734375000000000e+00
-1.054687500000000000e+00
-1.054687500000000000e+00
-1.056640625000000000e+00
-1.054687500000000000e+00
-1.054687500000000000e+00
-1.054687500000000000e+00
-1.056640625000000000e+00
-1.056640625000000000e+00
-1.054687500000000000e+00
-1.054687500000000000e+00
-1.054687500000000000e+00
-1.056640625000000000e+00
-1.056640625000000000e+00
-1.056640625000000000e+00
-1.056640625000000000e+00
-1.054687500000000000e+00
-1.054687500000000000e+00
-1.054687500000000000e+00
-1.056640625000000000e+00
-1.059570312500000000e+00
-1.054687500000000000e+00
-1.056640625000000000e+00
-1.054687500000000000e+00
-1.056640625000000000e+00
-1.056640625000000000e+00
-1.059570312500000000e+00
-1.059570312500000000e+00
-1.056640625000000000e+00
-1.056640625000000000e+00
-1.056640625000000000e+00
-1.056640625000000000e+00
-1.056640625000000000e+00
-1.059570312500000000e+00
-1.059570312500000000e+00
-1.059570312500000000e+00
-1.062500000000000000e+00
-1.062500000000000000e+00
-1.059570312500000000e+00
-1.062500000000000000e+00
-1.062500000000000000e+00
-1.059570312500000000e+00
-1.059570312500000000e+00
-1.059570312500000000e+00
-1.059570312500000000e+00
-1.062500000000000000e+00
-1.062500000000000000e+00
-1.059570312500000000e+00
-1.059570312500000000e+00
-1.059570312500000000e+00
-1.062500000000000000e+00
-1.062500000000000000e+00
-1.062500000000000000e+00
-1.064453125000000000e+00
-1.064453125000000000e+00
-1.062500000000000000e+00
-1.064453125000000000e+00
-1.062500000000000000e+00
-1.062500000000000000e+00
-1.059570312500000000e+00
-1.059570312500000000e+00
-1.062500000000000000e+00
-1.062500000000000000e+00
-1.062500000000000000e+00
-1.062500000000000000e+00
-1.062500000000000000e+00
-1.064453125000000000e+00
-1.062500000000000000e+00
-1.064453125000000000e+00
-1.064453125000000000e+00
-1.064453125000000000e+00
-1.062500000000000000e+00
-1.062500000000000000e+00
-1.064453125000000000e+00
-1.064453125000000000e+00
-1.064453125000000000e+00
-1.062500000000000000e+00
-1.062500000000000000e+00
-1.062500000000000000e+00
-1.064453125000000000e+00
-1.066406250000000000e+00
-1.064453125000000000e+00
-1.062500000000000000e+00
-1.062500000000000000e+00
-1.064453125000000000e+00
-1.064453125000000000e+00
-1.064453125000000000e+00
-1.066406250000000000e+00
-1.064453125000000000e+00
-1.062500000000000000e+00
-1.062500000000000000e+00
-1.062500000000000000e+00
-1.066406250000000000e+00
-1.069335937500000000e+00
-1.072265625000000000e+00
-1.069335937500000000e+00
-1.066406250000000000e+00
-1.066406250000000000e+00
-1.064453125000000000e+00
-1.069335937500000000e+00
-1.069335937500000000e+00
-1.066406250000000000e+00
-1.066406250000000000e+00
-1.069335937500000000e+00
-1.069335937500000000e+00
-1.069335937500000000e+00
-1.064453125000000000e+00
-1.064453125000000000e+00
-1.062500000000000000e+00
-1.064453125000000000e+00
-1.066406250000000000e+00
-1.069335937500000000e+00
-1.069335937500000000e+00
-1.064453125000000000e+00
-1.066406250000000000e+00
-1.069335937500000000e+00
-1.064453125000000000e+00
-1.064453125000000000e+00
-1.069335937500000000e+00
-1.066406250000000000e+00
-1.064453125000000000e+00
-1.064453125000000000e+00
-1.066406250000000000e+00
-1.064453125000000000e+00
-1.066406250000000000e+00
-1.064453125000000000e+00
-1.069335937500000000e+00
-1.072265625000000000e+00
-1.072265625000000000e+00
-1.072265625000000000e+00
-1.069335937500000000e+00
-1.072265625000000000e+00
-1.066406250000000000e+00
-1.066406250000000000e+00
-1.072265625000000000e+00
-1.072265625000000000e+00
-1.072265625000000000e+00
-1.074218750000000000e+00
-1.072265625000000000e+00
-1.069335937500000000e+00
-1.072265625000000000e+00
-1.069335937500000000e+00
-1.072265625000000000e+00
-1.072265625000000000e+00
-1.069335937500000000e+00
-1.074218750000000000e+00
-1.072265625000000000e+00
-1.069335937500000000e+00
-1.069335937500000000e+00
-1.072265625000000000e+00
-1.072265625000000000e+00
-1.069335937500000000e+00
-1.072265625000000000e+00
-1.069335937500000000e+00
-1.069335937500000000e+00
-1.069335937500000000e+00
-1.072265625000000000e+00
-1.072265625000000000e+00
-1.074218750000000000e+00
-1.074218750000000000e+00
-1.072265625000000000e+00
-1.072265625000000000e+00
-1.069335937500000000e+00
-1.069335937500000000e+00
-1.072265625000000000e+00
-1.072265625000000000e+00
-1.074218750000000000e+00
-1.074218750000000000e+00
-1.074218750000000000e+00
-1.072265625000000000e+00
-1.072265625000000000e+00
-1.072265625000000000e+00
-1.074218750000000000e+00
-1.076171875000000000e+00
-1.076171875000000000e+00
-1.076171875000000000e+00
-1.074218750000000000e+00
-1.074218750000000000e+00
-1.072265625000000000e+00
-1.072265625000000000e+00
-1.074218750000000000e+00
-1.076171875000000000e+00
-1.079101562500000000e+00
-1.082031250000000000e+00
-1.079101562500000000e+00
-1.076171875000000000e+00
-1.079101562500000000e+00
-1.074218750000000000e+00
-1.076171875000000000e+00
-1.079101562500000000e+00
-1.076171875000000000e+00
-1.074218750000000000e+00
-1.076171875000000000e+00
-1.076171875000000000e+00
-1.079101562500000000e+00
-1.079101562500000000e+00
-1.079101562500000000e+00
-1.079101562500000000e+00
-1.076171875000000000e+00
-1.076171875000000000e+00
-1.076171875000000000e+00
-1.076171875000000000e+00
-1.082031250000000000e+00
-1.079101562500000000e+00
-1.079101562500000000e+00
-1.079101562500000000e+00
-1.079101562500000000e+00
-1.079101562500000000e+00
-1.082031250000000000e+00
-1.082031250000000000e+00
-1.082031250000000000e+00
-1.082031250000000000e+00
-1.079101562500000000e+00
-1.079101562500000000e+00
-1.082031250000000000e+00
-1.082031250000000000e+00
-1.082031250000000000e+00
-1.079101562500000000e+00
-1.079101562500000000e+00
-1.082031250000000000e+00
-1.082031250000000000e+00
-1.082031250000000000e+00
-1.083984375000000000e+00
-1.083984375000000000e+00
-1.083984375000000000e+00
-1.083984375000000000e+00
-1.085937500000000000e+00
-1.082031250000000000e+00
-1.082031250000000000e+00
-1.083984375000000000e+00
-1.085937500000000000e+00
-1.085937500000000000e+00
-1.085937500000000000e+00
-1.083984375000000000e+00
-1.083984375000000000e+00
-1.082031250000000000e+00
-1.082031250000000000e+00
-1.082031250000000000e+00
-1.083984375000000000e+00
-1.083984375000000000e+00
-1.085937500000000000e+00
-1.085937500000000000e+00
-1.082031250000000000e+00
-1.082031250000000000e+00
-1.083984375000000000e+00
-1.085937500000000000e+00
-1.085937500000000000e+00
-1.083984375000000000e+00
-1.085937500000000000e+00
-1.088867187500000000e+00
-1.085937500000000000e+00
-1.085937500000000000e+00
-1.083984375000000000e+00
-1.085937500000000000e+00
-1.085937500000000000e+00
-1.088867187500000000e+00
-1.085937500000000000e+00
-1.085937500000000000e+00
-1.088867187500000000e+00
-1.088867187500000000e+00
-1.088867187500000000e+00
-1.085937500000000000e+00
-1.085937500000000000e+00
-1.085937500000000000e+00
-1.085937500000000000e+00
-1.088867187500000000e+00
-1.085937500000000000e+00
-1.088867187500000000e+00
-1.088867187500000000e+00
-1.088867187500000000e+00
-1.085937500000000000e+00
-1.083984375000000000e+00
-1.088867187500000000e+00
-1.088867187500000000e+00
-1.088867187500000000e+00
-1.088867187500000000e+00
-1.085937500000000000e+00
-1.085937500000000000e+00
-1.085937500000000000e+00
-1.088867187500000000e+00
-1.088867187500000000e+00
-1.085937500000000000e+00
-1.085937500000000000e+00
-1.085937500000000000e+00
-1.088867187500000000e+00
-1.088867187500000000e+00
-1.091796875000000000e+00
-1.088867187500000000e+00
-1.088867187500000000e+00
-1.085937500000000000e+00
-1.085937500000000000e+00
-1.085937500000000000e+00
-1.085937500000000000e+00
-1.088867187500000000e+00
-1.091796875000000000e+00
-1.091796875000000000e+00
-1.091796875000000000e+00
-1.091796875000000000e+00
-1.093750000000000000e+00
-1.093750000000000000e+00
-1.091796875000000000e+00
-1.091796875000000000e+00
-1.091796875000000000e+00
-1.088867187500000000e+00
-1.091796875000000000e+00
-1.091796875000000000e+00
-1.093750000000000000e+00
-1.093750000000000000e+00
-1.093750000000000000e+00
-1.093750000000000000e+00
-1.091796875000000000e+00
-1.091796875000000000e+00
-1.088867187500000000e+00
-1.091796875000000000e+00
-1.093750000000000000e+00
-1.093750000000000000e+00
-1.093750000000000000e+00
-1.095703125000000000e+00
-1.093750000000000000e+00
-1.091796875000000000e+00
-1.091796875000000000e+00
-1.093750000000000000e+00
-1.093750000000000000e+00
-1.093750000000000000e+00
-1.093750000000000000e+00
-1.093750000000000000e+00
-1.093750000000000000e+00
-1.095703125000000000e+00
-1.095703125000000000e+00
-1.095703125000000000e+00
-1.093750000000000000e+00
-1.091796875000000000e+00
-1.093750000000000000e+00
-1.095703125000000000e+00
-1.093750000000000000e+00
-1.093750000000000000e+00
-1.095703125000000000e+00
-1.095703125000000000e+00
-1.095703125000000000e+00
-1.093750000000000000e+00
-1.095703125000000000e+00
-1.095703125000000000e+00
-1.098632812500000000e+00
-1.095703125000000000e+00
-1.098632812500000000e+00
-1.093750000000000000e+00
-1.095703125000000000e+00
-1.093750000000000000e+00
-1.095703125000000000e+00
-1.095703125000000000e+00
-1.093750000000000000e+00
-1.093750000000000000e+00
-1.095703125000000000e+00
-1.095703125000000000e+00
-1.093750000000000000e+00
-1.095703125000000000e+00
-1.098632812500000000e+00
-1.093750000000000000e+00
-1.095703125000000000e+00
-1.095703125000000000e+00
-1.098632812500000000e+00
-1.098632812500000000e+00
-1.095703125000000000e+00
-1.095703125000000000e+00
-1.098632812500000000e+00
-1.098632812500000000e+00
-1.098632812500000000e+00
-1.095703125000000000e+00
-1.098632812500000000e+00
-1.098632812500000000e+00
-1.098632812500000000e+00
-1.103515625000000000e+00
-1.101562500000000000e+00
-1.101562500000000000e+00
-1.101562500000000000e+00
-1.101562500000000000e+00
-1.098632812500000000e+00
-1.101562500000000000e+00
-1.101562500000000000e+00
-1.101562500000000000e+00
-1.101562500000000000e+00
-1.098632812500000000e+00
-1.101562500000000000e+00
-1.101562500000000000e+00
-1.103515625000000000e+00
-1.105468750000000000e+00
-1.103515625000000000e+00
-1.101562500000000000e+00
-1.098632812500000000e+00
-1.101562500000000000e+00
-1.103515625000000000e+00
-1.103515625000000000e+00
-1.105468750000000000e+00
-1.103515625000000000e+00
-1.101562500000000000e+00
-1.101562500000000000e+00
-1.101562500000000000e+00
-1.098632812500000000e+00
-1.101562500000000000e+00
-1.103515625000000000e+00
-1.103515625000000000e+00
-1.101562500000000000e+00
-1.098632812500000000e+00
-1.098632812500000000e+00
-1.101562500000000000e+00
-1.103515625000000000e+00
-1.103515625000000000e+00
-1.101562500000000000e+00
-1.103515625000000000e+00
-1.103515625000000000e+00
-1.105468750000000000e+00
-1.103515625000000000e+00
-1.103515625000000000e+00
-1.103515625000000000e+00
-1.103515625000000000e+00
-1.105468750000000000e+00
-1.103515625000000000e+00
-1.105468750000000000e+00
-1.105468750000000000e+00
-1.108398437500000000e+00
-1.105468750000000000e+00
-1.105468750000000000e+00
-1.103515625000000000e+00
-1.103515625000000000e+00
-1.103515625000000000e+00
-1.103515625000000000e+00
-1.105468750000000000e+00
-1.108398437500000000e+00
-1.111328125000000000e+00
-1.113281250000000000e+00
-1.111328125000000000e+00
-1.105468750000000000e+00
-1.108398437500000000e+00
-1.105468750000000000e+00
-1.105468750000000000e+00
-1.108398437500000000e+00
-1.108398437500000000e+00
-1.108398437500000000e+00
-1.108398437500000000e+00
-1.108398437500000000e+00
-1.105468750000000000e+00
-1.105468750000000000e+00
-1.108398437500000000e+00
-1.111328125000000000e+00
-1.108398437500000000e+00
-1.108398437500000000e+00
-1.108398437500000000e+00
-1.105468750000000000e+00
-1.108398437500000000e+00
-1.108398437500000000e+00
-1.108398437500000000e+00
-1.111328125000000000e+00
-1.111328125000000000e+00
-1.111328125000000000e+00
-1.108398437500000000e+00
-1.108398437500000000e+00
-1.108398437500000000e+00
-1.111328125000000000e+00
-1.111328125000000000e+00
-1.111328125000000000e+00
-1.108398437500000000e+00
-1.108398437500000000e+00
-1.108398437500000000e+00
-1.111328125000000000e+00
-1.111328125000000000e+00
-1.108398437500000000e+00
-1.108398437500000000e+00
-1.111328125000000000e+00
-1.111328125000000000e+00
-1.111328125000000000e+00
-1.111328125000000000e+00
-1.111328125000000000e+00
-1.111328125000000000e+00
-1.113281250000000000e+00
-1.111328125000000000e+00
-1.111328125000000000e+00
-1.108398437500000000e+00
-1.111328125000000000e+00
-1.108398437500000000e+00
-1.111328125000000000e+00
-1.111328125000000000e+00
-1.115234375000000000e+00
-1.113281250000000000e+00
-1.111328125000000000e+00
-1.111328125000000000e+00
-1.108398437500000000e+00
-1.111328125000000000e+00
-1.111328125000000000e+00
-1.113281250000000000e+00
-1.113281250000000000e+00
-1.113281250000000000e+00
-1.111328125000000000e+00
-1.111328125000000000e+00
-1.111328125000000000e+00
-1.113281250000000000e+00
-1.113281250000000000e+00
-1.115234375000000000e+00
-1.113281250000000000e+00
-1.111328125000000000e+00
-1.111328125000000000e+00
-1.111328125000000000e+00
-1.113281250000000000e+00
-1.113281250000000000e+00
-1.113281250000000000e+00
-1.113281250000000000e+00
-1.111328125000000000e+00
-1.113281250000000000e+00
-1.115234375000000000e+00
-1.118164062500000000e+00
-1.115234375000000000e+00
-1.115234375000000000e+00
-1.115234375000000000e+00
-1.118164062500000000e+00
-1.115234375000000000e+00
-1.115234375000000000e+00
-1.115234375000000000e+00
-1.115234375000000000e+00
-1.118164062500000000e+00
-1.118164062500000000e+00
-1.115234375000000000e+00
-1.115234375000000000e+00
-1.118164062500000000e+00
-1.118164062500000000e+00
-1.118164062500000000e+00
-1.118164062500000000e+00
-1.115234375000000000e+00
-1.118164062500000000e+00
-1.113281250000000000e+00
-1.115234375000000000e+00
-1.118164062500000000e+00
-1.118164062500000000e+00
-1.121093750000000000e+00
-1.115234375000000000e+00
-1.115234375000000000e+00
-1.115234375000000000e+00
-1.113281250000000000e+00
-1.115234375000000000e+00
-1.118164062500000000e+00
-1.118164062500000000e+00
-1.121093750000000000e+00
-1.121093750000000000e+00
-1.123046875000000000e+00
-1.121093750000000000e+00
-1.118164062500000000e+00
-1.118164062500000000e+00
-1.118164062500000000e+00
-1.118164062500000000e+00
-1.121093750000000000e+00
-1.121093750000000000e+00
-1.118164062500000000e+00
-1.118164062500000000e+00
-1.121093750000000000e+00
-1.121093750000000000e+00
-1.121093750000000000e+00
-1.118164062500000000e+00
-1.118164062500000000e+00
-1.121093750000000000e+00
-1.121093750000000000e+00
-1.118164062500000000e+00
-1.118164062500000000e+00
-1.121093750000000000e+00
-1.123046875000000000e+00
-1.123046875000000000e+00
-1.121093750000000000e+00
-1.121093750000000000e+00
-1.121093750000000000e+00
-1.121093750000000000e+00
-1.118164062500000000e+00
-1.121093750000000000e+00
-1.123046875000000000e+00
-1.125000000000000000e+00
-1.125000000000000000e+00
-1.125000000000000000e+00
-1.123046875000000000e+00
-1.125000000000000000e+00
-1.123046875000000000e+00
-1.121093750000000000e+00
-1.123046875000000000e+00
-1.125000000000000000e+00
-1.125000000000000000e+00
-1.125000000000000000e+00
-1.123046875000000000e+00
-1.123046875000000000e+00
-1.125000000000000000e+00
-1.127929687500000000e+00
-1.125000000000000000e+00
-1.127929687500000000e+00
-1.127929687500000000e+00
-1.125000000000000000e+00
-1.123046875000000000e+00
-1.123046875000000000e+00
-1.127929687500000000e+00
-1.125000000000000000e+00
-1.127929687500000000e+00
-1.127929687500000000e+00
-1.125000000000000000e+00
-1.125000000000000000e+00
-1.123046875000000000e+00
-1.125000000000000000e+00
-1.127929687500000000e+00
-1.127929687500000000e+00
-1.127929687500000000e+00
-1.125000000000000000e+00
-1.125000000000000000e+00
-1.123046875000000000e+00
-1.125000000000000000e+00
-1.125000000000000000e+00
-1.130859375000000000e+00
-1.130859375000000000e+00
-1.125000000000000000e+00
-1.125000000000000000e+00
-1.125000000000000000e+00
-1.123046875000000000e+00
-1.125000000000000000e+00
-1.127929687500000000e+00
-1.130859375000000000e+00
-1.127929687500000000e+00
-1.127929687500000000e+00
-1.125000000000000000e+00
-1.125000000000000000e+00
-1.130859375000000000e+00
-1.127929687500000000e+00
-1.127929687500000000e+00
-1.127929687500000000e+00
-1.125000000000000000e+00
-1.125000000000000000e+00
-1.125000000000000000e+00
-1.130859375000000000e+00
-1.130859375000000000e+00
-1.130859375000000000e+00
-1.130859375000000000e+00
-1.127929687500000000e+00
-1.127929687500000000e+00
-1.127929687500000000e+00
-1.130859375000000000e+00
-1.127929687500000000e+00
-1.127929687500000000e+00
-1.127929687500000000e+00
-1.130859375000000000e+00
-1.130859375000000000e+00
-1.127929687500000000e+00
-1.127929687500000000e+00
-1.130859375000000000e+00
-1.132812500000000000e+00
-1.130859375000000000e+00
-1.127929687500000000e+00
-1.127929687500000000e+00
-1.130859375000000000e+00
-1.132812500000000000e+00
-1.132812500000000000e+00
-1.132812500000000000e+00
-1.134765625000000000e+00
-1.137695312500000000e+00
-1.134765625000000000e+00
-1.134765625000000000e+00
-1.132812500000000000e+00
-1.132812500000000000e+00
-1.134765625000000000e+00
-1.134765625000000000e+00
-1.132812500000000000e+00
-1.132812500000000000e+00
-1.132812500000000000e+00
-1.132812500000000000e+00
-1.132812500000000000e+00
-1.132812500000000000e+00
-1.134765625000000000e+00
-1.132812500000000000e+00
-1.132812500000000000e+00
-1.132812500000000000e+00
-1.134765625000000000e+00
-1.134765625000000000e+00
-1.137695312500000000e+00
-1.134765625000000000e+00
-1.134765625000000000e+00
-1.134765625000000000e+00
-1.137695312500000000e+00
-1.137695312500000000e+00
-1.137695312500000000e+00
-1.137695312500000000e+00
-1.134765625000000000e+00
-1.134765625000000000e+00
-1.132812500000000000e+00
-1.134765625000000000e+00
-1.137695312500000000e+00
-1.137695312500000000e+00
-1.137695312500000000e+00
-1.132812500000000000e+00
-1.137695312500000000e+00
-1.137695312500000000e+00
-1.137695312500000000e+00
-1.134765625000000000e+00
-1.134765625000000000e+00
-1.134765625000000000e+00
-1.137695312500000000e+00
-1.134765625000000000e+00
-1.137695312500000000e+00
-1.137695312500000000e+00
-1.137695312500000000e+00
-1.134765625000000000e+00
-1.132812500000000000e+00
-1.134765625000000000e+00
-1.137695312500000000e+00
-1.137695312500000000e+00
-1.140625000000000000e+00
-1.137695312500000000e+00
-1.137695312500000000e+00
-1.140625000000000000e+00
-1.140625000000000000e+00
-1.140625000000000000e+00
-1.137695312500000000e+00
-1.137695312500000000e+00
-1.137695312500000000e+00
-1.137695312500000000e+00
-1.134765625000000000e+00
-1.134765625000000000e+00
-1.137695312500000000e+00
-1.137695312500000000e+00
-1.140625000000000000e+00
-1.140625000000000000e+00
-1.137695312500000000e+00
-1.137695312500000000e+00
-1.140625000000000000e+00
-1.142578125000000000e+00
-1.142578125000000000e+00
-1.140625000000000000e+00
-1.140625000000000000e+00
-1.142578125000000000e+00
-1.142578125000000000e+00
-1.144531250000000000e+00
-1.142578125000000000e+00
-1.142578125000000000e+00
-1.140625000000000000e+00
-1.142578125000000000e+00
-1.142578125000000000e+00
-1.142578125000000000e+00
-1.142578125000000000e+00
-1.140625000000000000e+00
-1.142578125000000000e+00
-1.142578125000000000e+00
-1.144531250000000000e+00
-1.142578125000000000e+00
-1.142578125000000000e+00
-1.144531250000000000e+00
-1.142578125000000000e+00
-1.144531250000000000e+00
-1.142578125000000000e+00
-1.142578125000000000e+00
-1.144531250000000000e+00
-1.144531250000000000e+00
-1.142578125000000000e+00
-1.144531250000000000e+00
-1.142578125000000000e+00
-1.140625000000000000e+00
-1.142578125000000000e+00
-1.142578125000000000e+00
-1.144531250000000000e+00
-1.144531250000000000e+00
-1.142578125000000000e+00
-1.142578125000000000e+00
-1.142578125000000000e+00
-1.144531250000000000e+00
-1.142578125000000000e+00
-1.140625000000000000e+00
-1.142578125000000000e+00
-1.144531250000000000e+00
-1.144531250000000000e+00
-1.144531250000000000e+00
-1.144531250000000000e+00
-1.147460937500000000e+00
-1.147460937500000000e+00
-1.147460937500000000e+00
-1.147460937500000000e+00
-1.150390625000000000e+00
-1.147460937500000000e+00
-1.144531250000000000e+00
-1.144531250000000000e+00
-1.142578125000000000e+00
-1.147460937500000000e+00
-1.150390625000000000e+00
-1.150390625000000000e+00
-1.147460937500000000e+00
-1.144531250000000000e+00
-1.144531250000000000e+00
-1.142578125000000000e+00
-1.147460937500000000e+00
-1.147460937500000000e+00
-1.147460937500000000e+00
-1.147460937500000000e+00
-1.144531250000000000e+00
-1.147460937500000000e+00
-1.144531250000000000e+00
-1.150390625000000000e+00
-1.147460937500000000e+00
-1.147460937500000000e+00
-1.144531250000000000e+00
-1.144531250000000000e+00
-1.144531250000000000e+00
-1.144531250000000000e+00
-1.147460937500000000e+00
-1.147460937500000000e+00
-1.147460937500000000e+00
-1.147460937500000000e+00
-1.144531250000000000e+00
-1.144531250000000000e+00
-1.144531250000000000e+00
-1.147460937500000000e+00
-1.147460937500000000e+00
-1.150390625000000000e+00
-1.152343750000000000e+00
-1.152343750000000000e+00
-1.150390625000000000e+00
-1.150390625000000000e+00
-1.150390625000000000e+00
-1.150390625000000000e+00
-1.150390625000000000e+00
-1.152343750000000000e+00
-1.150390625000000000e+00
-1.150390625000000000e+00
-1.150390625000000000e+00
-1.152343750000000000e+00
-1.152343750000000000e+00
-1.150390625000000000e+00
-1.150390625000000000e+00
-1.150390625000000000e+00
-1.150390625000000000e+00
-1.150390625000000000e+00
-1.147460937500000000e+00
-1.147460937500000000e+00
-1.150390625000000000e+00
-1.152343750000000000e+00
-1.152343750000000000e+00
-1.150390625000000000e+00
-1.150390625000000000e+00
-1.152343750000000000e+00
-1.152343750000000000e+00
-1.152343750000000000e+00
-1.152343750000000000e+00
-1.150390625000000000e+00
-1.152343750000000000e+00
-1.150390625000000000e+00
-1.152343750000000000e+00
-1.152343750000000000e+00
-1.150390625000000000e+00
-1.152343750000000000e+00
-1.150390625000000000e+00
-1.152343750000000000e+00
-1.150390625000000000e+00
-1.150390625000000000e+00
-1.147460937500000000e+00
-1.150390625000000000e+00
-1.152343750000000000e+00
-1.154296875000000000e+00
-1.154296875000000000e+00
-1.152343750000000000e+00
-1.152343750000000000e+00
-1.150390625000000000e+00
-1.152343750000000000e+00
-1.152343750000000000e+00
-1.152343750000000000e+00
-1.152343750000000000e+00
-1.150390625000000000e+00
-1.152343750000000000e+00
-1.152343750000000000e+00
-1.154296875000000000e+00
-1.150390625000000000e+00
-1.152343750000000000e+00
-1.152343750000000000e+00
-1.154296875000000000e+00
-1.154296875000000000e+00
-1.154296875000000000e+00
-1.152343750000000000e+00
-1.154296875000000000e+00
-1.150390625000000000e+00
-1.152343750000000000e+00
-1.152343750000000000e+00
-1.154296875000000000e+00
-1.154296875000000000e+00
-1.152343750000000000e+00
-1.152343750000000000e+00
-1.152343750000000000e+00
-1.154296875000000000e+00
-1.154296875000000000e+00
-1.154296875000000000e+00
-1.154296875000000000e+00
-1.154296875000000000e+00
-1.154296875000000000e+00
-1.154296875000000000e+00
-1.154296875000000000e+00
-1.154296875000000000e+00
-1.152343750000000000e+00
-1.154296875000000000e+00
-1.154296875000000000e+00
-1.154296875000000000e+00
-1.152343750000000000e+00
-1.150390625000000000e+00
-1.152343750000000000e+00
-1.154296875000000000e+00
-1.152343750000000000e+00
-1.154296875000000000e+00
-1.154296875000000000e+00
-1.152343750000000000e+00
-1.154296875000000000e+00
-1.154296875000000000e+00
-1.154296875000000000e+00
-1.152343750000000000e+00
-1.154296875000000000e+00
-1.154296875000000000e+00
-1.152343750000000000e+00
-1.152343750000000000e+00
-1.152343750000000000e+00
-1.154296875000000000e+00
-1.157226562500000000e+00
-1.157226562500000000e+00
-1.157226562500000000e+00
-1.154296875000000000e+00
-1.152343750000000000e+00
-1.152343750000000000e+00
-1.152343750000000000e+00
-1.154296875000000000e+00
-1.157226562500000000e+00
-1.157226562500000000e+00
-1.160156250000000000e+00
-1.157226562500000000e+00
-1.154296875000000000e+00
-1.157226562500000000e+00
-1.154296875000000000e+00
-1.154296875000000000e+00
-1.160156250000000000e+00
-1.157226562500000000e+00
-1.157226562500000000e+00
-1.157226562500000000e+00
-1.160156250000000000e+00
-1.157226562500000000e+00
-1.160156250000000000e+00
-1.157226562500000000e+00
-1.157226562500000000e+00
-1.157226562500000000e+00
-1.154296875000000000e+00
-1.154296875000000000e+00
-1.154296875000000000e+00
-1.157226562500000000e+00
-1.160156250000000000e+00
-1.160156250000000000e+00
-1.157226562500000000e+00
-1.157226562500000000e+00
-1.157226562500000000e+00
-1.157226562500000000e+00
-1.154296875000000000e+00
-1.157226562500000000e+00
-1.160156250000000000e+00
-1.162109375000000000e+00
-1.160156250000000000e+00
-1.157226562500000000e+00
-1.157226562500000000e+00
-1.154296875000000000e+00
-1.157226562500000000e+00
-1.160156250000000000e+00
-1.160156250000000000e+00
-1.157226562500000000e+00
-1.157226562500000000e+00
-1.160156250000000000e+00
-1.160156250000000000e+00
-1.160156250000000000e+00
-1.157226562500000000e+00
-1.157226562500000000e+00
-1.160156250000000000e+00
-1.160156250000000000e+00
-1.160156250000000000e+00
-1.157226562500000000e+00
-1.162109375000000000e+00
-1.160156250000000000e+00
-1.162109375000000000e+00
-1.160156250000000000e+00
-1.157226562500000000e+00
-1.157226562500000000e+00
-1.157226562500000000e+00
-1.157226562500000000e+00
-1.162109375000000000e+00
-1.162109375000000000e+00
-1.160156250000000000e+00
-1.160156250000000000e+00
-1.157226562500000000e+00
-1.157226562500000000e+00
-1.160156250000000000e+00
-1.160156250000000000e+00
-1.162109375000000000e+00
-1.162109375000000000e+00
-1.160156250000000000e+00
-1.160156250000000000e+00
-1.160156250000000000e+00
-1.162109375000000000e+00
-1.162109375000000000e+00
-1.162109375000000000e+00
-1.160156250000000000e+00
-1.162109375000000000e+00
-1.157226562500000000e+00
-1.160156250000000000e+00
-1.160156250000000000e+00
-1.162109375000000000e+00
-1.162109375000000000e+00
-1.162109375000000000e+00
-1.160156250000000000e+00
-1.160156250000000000e+00
-1.160156250000000000e+00
-1.160156250000000000e+00
-1.162109375000000000e+00
-1.162109375000000000e+00
-1.164062500000000000e+00
-1.164062500000000000e+00
-1.162109375000000000e+00
-1.160156250000000000e+00
-1.160156250000000000e+00
-1.162109375000000000e+00
-1.162109375000000000e+00
-1.164062500000000000e+00
-1.164062500000000000e+00
-1.164062500000000000e+00
-1.166992187500000000e+00
-1.164062500000000000e+00
-1.166992187500000000e+00
-1.164062500000000000e+00
-1.162109375000000000e+00
-1.162109375000000000e+00
-1.164062500000000000e+00
-1.162109375000000000e+00
-1.160156250000000000e+00
-1.162109375000000000e+00
-1.164062500000000000e+00
-1.166992187500000000e+00
-1.164062500000000000e+00
-1.164062500000000000e+00
-1.164062500000000000e+00
-1.162109375000000000e+00
-1.166992187500000000e+00
-1.164062500000000000e+00
-1.166992187500000000e+00
-1.164062500000000000e+00
-1.166992187500000000e+00
-1.166992187500000000e+00
-1.166992187500000000e+00
-1.166992187500000000e+00
-1.166992187500000000e+00
-1.166992187500000000e+00
-1.166992187500000000e+00
-1.164062500000000000e+00
-1.162109375000000000e+00
-1.164062500000000000e+00
-1.166992187500000000e+00
-1.164062500000000000e+00
-1.166992187500000000e+00
-1.164062500000000000e+00
-1.166992187500000000e+00
-1.169921875000000000e+00
-1.166992187500000000e+00
-1.166992187500000000e+00
-1.164062500000000000e+00
-1.166992187500000000e+00
-1.164062500000000000e+00
-1.164062500000000000e+00
-1.166992187500000000e+00
-1.166992187500000000e+00
-1.166992187500000000e+00
-1.164062500000000000e+00
-1.164062500000000000e+00
-1.164062500000000000e+00
-1.164062500000000000e+00
-1.164062500000000000e+00
-1.166992187500000000e+00
-1.164062500000000000e+00
-1.164062500000000000e+00
-1.164062500000000000e+00
-1.166992187500000000e+00
-1.166992187500000000e+00
-1.166992187500000000e+00
-1.164062500000000000e+00
-1.166992187500000000e+00
-1.169921875000000000e+00
-1.169921875000000000e+00
-1.169921875000000000e+00
-1.166992187500000000e+00
-1.164062500000000000e+00
-1.164062500000000000e+00
-1.166992187500000000e+00
-1.166992187500000000e+00
-1.169921875000000000e+00
-1.169921875000000000e+00
-1.166992187500000000e+00
-1.164062500000000000e+00
-1.164062500000000000e+00
-1.166992187500000000e+00
-1.166992187500000000e+00
-1.169921875000000000e+00
-1.166992187500000000e+00
-1.166992187500000000e+00
-1.166992187500000000e+00
-1.166992187500000000e+00
-1.169921875000000000e+00
-1.166992187500000000e+00
-1.166992187500000000e+00
-1.169921875000000000e+00
-1.166992187500000000e+00
-1.169921875000000000e+00
-1.169921875000000000e+00
-1.166992187500000000e+00
-1.166992187500000000e+00
-1.169921875000000000e+00
-1.169921875000000000e+00
-1.169921875000000000e+00
-1.166992187500000000e+00
-1.166992187500000000e+00
-1.166992187500000000e+00
-1.166992187500000000e+00
-1.166992187500000000e+00
-1.166992187500000000e+00
-1.169921875000000000e+00
-1.169921875000000000e+00
-1.171875000000000000e+00
-1.169921875000000000e+00
-1.169921875000000000e+00
-1.166992187500000000e+00
-1.166992187500000000e+00
-1.169921875000000000e+00
-1.169921875000000000e+00
-1.169921875000000000e+00
-1.169921875000000000e+00
-1.171875000000000000e+00
-1.169921875000000000e+00
-1.169921875000000000e+00
-1.166992187500000000e+00
-1.166992187500000000e+00
-1.171875000000000000e+00
-1.169921875000000000e+00
-1.169921875000000000e+00
-1.169921875000000000e+00
-1.169921875000000000e+00
-1.166992187500000000e+00
-1.169921875000000000e+00
-1.169921875000000000e+00
-1.166992187500000000e+00
-1.173828125000000000e+00
-1.173828125000000000e+00
-1.171875000000000000e+00
-1.169921875000000000e+00
-1.171875000000000000e+00
-1.173828125000000000e+00
-1.171875000000000000e+00
-1.171875000000000000e+00
-1.171875000000000000e+00
-1.173828125000000000e+00
-1.176757812500000000e+00
-1.173828125000000000e+00
-1.171875000000000000e+00
-1.171875000000000000e+00
-1.171875000000000000e+00
-1.173828125000000000e+00
-1.173828125000000000e+00
-1.173828125000000000e+00
-1.171875000000000000e+00
-1.171875000000000000e+00
-1.171875000000000000e+00
-1.173828125000000000e+00
-1.173828125000000000e+00
-1.173828125000000000e+00
-1.173828125000000000e+00
-1.173828125000000000e+00
-1.173828125000000000e+00
-1.171875000000000000e+00
-1.171875000000000000e+00
-1.171875000000000000e+00
-1.173828125000000000e+00
-1.173828125000000000e+00
-1.173828125000000000e+00
-1.171875000000000000e+00
-1.173828125000000000e+00
-1.176757812500000000e+00
-1.173828125000000000e+00
-1.176757812500000000e+00
-1.173828125000000000e+00
-1.173828125000000000e+00
-1.171875000000000000e+00
-1.171875000000000000e+00
-1.171875000000000000e+00
-1.173828125000000000e+00
-1.173828125000000000e+00
-1.176757812500000000e+00
-1.176757812500000000e+00
-1.176757812500000000e+00
-1.173828125000000000e+00
-1.176757812500000000e+00
-1.173828125000000000e+00
-1.173828125000000000e+00
-1.173828125000000000e+00
-1.173828125000000000e+00
-1.176757812500000000e+00
-1.173828125000000000e+00
-1.173828125000000000e+00
-1.173828125000000000e+00
-1.176757812500000000e+00
-1.176757812500000000e+00
-1.173828125000000000e+00
-1.173828125000000000e+00
-1.171875000000000000e+00
-1.173828125000000000e+00
-1.173828125000000000e+00
-1.171875000000000000e+00
-1.176757812500000000e+00
-1.176757812500000000e+00
-1.176757812500000000e+00
-1.176757812500000000e+00
-1.176757812500000000e+00
-1.173828125000000000e+00
-1.176757812500000000e+00
-1.176757812500000000e+00
-1.179687500000000000e+00
-1.179687500000000000e+00
-1.176757812500000000e+00
-1.179687500000000000e+00
-1.179687500000000000e+00
-1.179687500000000000e+00
-1.179687500000000000e+00
-1.176757812500000000e+00
-1.173828125000000000e+00
-1.173828125000000000e+00
-1.173828125000000000e+00
-1.176757812500000000e+00
-1.176757812500000000e+00
-1.179687500000000000e+00
-1.176757812500000000e+00
-1.179687500000000000e+00
-1.179687500000000000e+00
-1.179687500000000000e+00
-1.181640625000000000e+00
-1.181640625000000000e+00
-1.176757812500000000e+00
-1.179687500000000000e+00
-1.176757812500000000e+00
-1.176757812500000000e+00
-1.179687500000000000e+00
-1.181640625000000000e+00
-1.179687500000000000e+00
-1.179687500000000000e+00
-1.176757812500000000e+00
-1.176757812500000000e+00
-1.179687500000000000e+00
-1.181640625000000000e+00
-1.179687500000000000e+00
-1.179687500000000000e+00
-1.179687500000000000e+00
-1.179687500000000000e+00
-1.176757812500000000e+00
-1.179687500000000000e+00
-1.179687500000000000e+00
-1.179687500000000000e+00
-1.179687500000000000e+00
-1.176757812500000000e+00
-1.179687500000000000e+00
-1.181640625000000000e+00
-1.181640625000000000e+00
-1.181640625000000000e+00
-1.179687500000000000e+00
-1.179687500000000000e+00
-1.181640625000000000e+00
-1.181640625000000000e+00
-1.179687500000000000e+00
-1.179687500000000000e+00
-1.181640625000000000e+00
-1.181640625000000000e+00
-1.179687500000000000e+00
-1.179687500000000000e+00
-1.181640625000000000e+00
-1.181640625000000000e+00
-1.179687500000000000e+00
-1.179687500000000000e+00
-1.179687500000000000e+00
-1.181640625000000000e+00
-1.181640625000000000e+00
-1.181640625000000000e+00
-1.183593750000000000e+00
-1.181640625000000000e+00
-1.181640625000000000e+00
-1.181640625000000000e+00
-1.181640625000000000e+00
-1.181640625000000000e+00
-1.183593750000000000e+00
-1.181640625000000000e+00
-1.179687500000000000e+00
-1.179687500000000000e+00
-1.179687500000000000e+00
-1.179687500000000000e+00
-1.181640625000000000e+00
-1.181640625000000000e+00
-1.181640625000000000e+00
-1.181640625000000000e+00
-1.181640625000000000e+00
-1.179687500000000000e+00
-1.181640625000000000e+00
-1.183593750000000000e+00
-1.183593750000000000e+00
-1.183593750000000000e+00
-1.181640625000000000e+00
-1.181640625000000000e+00
-1.181640625000000000e+00
-1.181640625000000000e+00
-1.181640625000000000e+00
-1.183593750000000000e+00
-1.179687500000000000e+00
-1.181640625000000000e+00
-1.181640625000000000e+00
-1.183593750000000000e+00
-1.181640625000000000e+00
-1.181640625000000000e+00
-1.181640625000000000e+00
-1.181640625000000000e+00
-1.179687500000000000e+00
-1.179687500000000000e+00
-1.181640625000000000e+00
-1.181640625000000000e+00
-1.181640625000000000e+00
-1.183593750000000000e+00
-1.181640625000000000e+00
-1.181640625000000000e+00
-1.181640625000000000e+00
-1.183593750000000000e+00
-1.183593750000000000e+00
-1.183593750000000000e+00
-1.181640625000000000e+00
-1.181640625000000000e+00
-1.181640625000000000e+00
-1.179687500000000000e+00
-1.181640625000000000e+00
-1.183593750000000000e+00
-1.183593750000000000e+00
-1.183593750000000000e+00
-1.181640625000000000e+00
-1.181640625000000000e+00
-1.179687500000000000e+00
-1.179687500000000000e+00
-1.181640625000000000e+00
-1.183593750000000000e+00
-1.181640625000000000e+00
-1.183593750000000000e+00
-1.183593750000000000e+00
-1.181640625000000000e+00
-1.181640625000000000e+00
-1.179687500000000000e+00
-1.183593750000000000e+00
-1.183593750000000000e+00
-1.183593750000000000e+00
-1.181640625000000000e+00
-1.181640625000000000e+00
-1.183593750000000000e+00
-1.181640625000000000e+00
-1.183593750000000000e+00
-1.183593750000000000e+00
-1.181640625000000000e+00
-1.181640625000000000e+00
-1.181640625000000000e+00
-1.183593750000000000e+00
-1.181640625000000000e+00
-1.183593750000000000e+00
-1.183593750000000000e+00
-1.181640625000000000e+00
-1.183593750000000000e+00
-1.183593750000000000e+00
-1.186523437500000000e+00
-1.183593750000000000e+00
-1.181640625000000000e+00
-1.183593750000000000e+00
-1.183593750000000000e+00
-1.186523437500000000e+00
-1.183593750000000000e+00
-1.181640625000000000e+00
-1.181640625000000000e+00
-1.181640625000000000e+00
-1.183593750000000000e+00
-1.183593750000000000e+00
-1.186523437500000000e+00
-1.183593750000000000e+00
-1.183593750000000000e+00
-1.181640625000000000e+00
-1.186523437500000000e+00
-1.186523437500000000e+00
-1.186523437500000000e+00
-1.183593750000000000e+00
-1.183593750000000000e+00
-1.181640625000000000e+00
-1.181640625000000000e+00
-1.183593750000000000e+00
-1.186523437500000000e+00
-1.191406250000000000e+00
-1.191406250000000000e+00
-1.189453125000000000e+00
-1.189453125000000000e+00
-1.189453125000000000e+00
-1.186523437500000000e+00
-1.189453125000000000e+00
-1.189453125000000000e+00
-1.189453125000000000e+00
-1.189453125000000000e+00
-1.186523437500000000e+00
-1.186523437500000000e+00
-1.183593750000000000e+00
-1.186523437500000000e+00
-1.186523437500000000e+00
-1.189453125000000000e+00
-1.191406250000000000e+00
-1.189453125000000000e+00
-1.189453125000000000e+00
-1.189453125000000000e+00
-1.186523437500000000e+00
-1.186523437500000000e+00
-1.189453125000000000e+00
-1.189453125000000000e+00
-1.191406250000000000e+00
-1.189453125000000000e+00
-1.189453125000000000e+00
-1.186523437500000000e+00
-1.186523437500000000e+00
-1.189453125000000000e+00
-1.189453125000000000e+00
-1.189453125000000000e+00
-1.189453125000000000e+00
-1.189453125000000000e+00
-1.186523437500000000e+00
-1.189453125000000000e+00
-1.186523437500000000e+00
-1.189453125000000000e+00
-1.191406250000000000e+00
-1.191406250000000000e+00
-1.191406250000000000e+00
-1.191406250000000000e+00
-1.191406250000000000e+00
-1.191406250000000000e+00
-1.191406250000000000e+00
-1.189453125000000000e+00
-1.189453125000000000e+00
-1.189453125000000000e+00
-1.189453125000000000e+00
-1.191406250000000000e+00
-1.191406250000000000e+00
-1.191406250000000000e+00
-1.191406250000000000e+00
-1.189453125000000000e+00
-1.189453125000000000e+00
-1.186523437500000000e+00
-1.189453125000000000e+00
-1.189453125000000000e+00
-1.191406250000000000e+00
-1.191406250000000000e+00
-1.191406250000000000e+00
-1.191406250000000000e+00
-1.191406250000000000e+00
-1.193359375000000000e+00
-1.191406250000000000e+00
-1.191406250000000000e+00
-1.189453125000000000e+00
-1.193359375000000000e+00
-1.193359375000000000e+00
-1.193359375000000000e+00
-1.191406250000000000e+00
-1.191406250000000000e+00
-1.193359375000000000e+00
-1.191406250000000000e+00
-1.191406250000000000e+00
-1.189453125000000000e+00
-1.189453125000000000e+00
-1.191406250000000000e+00
-1.191406250000000000e+00
-1.191406250000000000e+00
-1.193359375000000000e+00
-1.191406250000000000e+00
-1.191406250000000000e+00
-1.193359375000000000e+00
-1.193359375000000000e+00
-1.196289062500000000e+00
-1.193359375000000000e+00
-1.193359375000000000e+00
-1.191406250000000000e+00
-1.189453125000000000e+00
-1.189453125000000000e+00
-1.189453125000000000e+00
-1.193359375000000000e+00
-1.193359375000000000e+00
-1.196289062500000000e+00
-1.193359375000000000e+00
-1.193359375000000000e+00
-1.196289062500000000e+00
-1.196289062500000000e+00
-1.196289062500000000e+00
-1.196289062500000000e+00
-1.193359375000000000e+00
-1.193359375000000000e+00
-1.193359375000000000e+00
-1.196289062500000000e+00
-1.196289062500000000e+00
-1.196289062500000000e+00
-1.196289062500000000e+00
-1.196289062500000000e+00
-1.199218750000000000e+00
-1.193359375000000000e+00
-1.196289062500000000e+00
-1.196289062500000000e+00
-1.196289062500000000e+00
-1.196289062500000000e+00
-1.193359375000000000e+00
-1.196289062500000000e+00
-1.199218750000000000e+00
-1.196289062500000000e+00
-1.196289062500000000e+00
-1.196289062500000000e+00
-1.196289062500000000e+00
-1.196289062500000000e+00
-1.199218750000000000e+00
-1.199218750000000000e+00
-1.196289062500000000e+00
-1.196289062500000000e+00
-1.199218750000000000e+00
-1.201171875000000000e+00
-1.199218750000000000e+00
-1.196289062500000000e+00
-1.196289062500000000e+00
-1.199218750000000000e+00
-1.199218750000000000e+00
-1.199218750000000000e+00
-1.196289062500000000e+00
-1.196289062500000000e+00
-1.196289062500000000e+00
-1.199218750000000000e+00
-1.199218750000000000e+00
-1.199218750000000000e+00
-1.196289062500000000e+00
-1.196289062500000000e+00
-1.196289062500000000e+00
-1.196289062500000000e+00
-1.199218750000000000e+00
-1.201171875000000000e+00
-1.201171875000000000e+00
-1.201171875000000000e+00
-1.199218750000000000e+00
-1.199218750000000000e+00
-1.199218750000000000e+00
-1.201171875000000000e+00
-1.199218750000000000e+00
-1.203125000000000000e+00
-1.201171875000000000e+00
-1.199218750000000000e+00
-1.196289062500000000e+00
-1.196289062500000000e+00
-1.199218750000000000e+00
-1.199218750000000000e+00
-1.199218750000000000e+00
-1.199218750000000000e+00
-1.201171875000000000e+00
-1.201171875000000000e+00
-1.199218750000000000e+00
-1.196289062500000000e+00
-1.196289062500000000e+00
-1.199218750000000000e+00
-1.199218750000000000e+00
-1.201171875000000000e+00
-1.203125000000000000e+00
-1.201171875000000000e+00
-1.199218750000000000e+00
-1.199218750000000000e+00
-1.201171875000000000e+00
-1.203125000000000000e+00
-1.201171875000000000e+00
-1.201171875000000000e+00
-1.199218750000000000e+00
-1.201171875000000000e+00
-1.199218750000000000e+00
-1.199218750000000000e+00
-1.199218750000000000e+00
-1.201171875000000000e+00
-1.199218750000000000e+00
-1.199218750000000000e+00
-1.199218750000000000e+00
-1.199218750000000000e+00
-1.199218750000000000e+00
-1.201171875000000000e+00
-1.201171875000000000e+00
-1.201171875000000000e+00
-1.201171875000000000e+00
-1.203125000000000000e+00
-1.203125000000000000e+00
-1.203125000000000000e+00
-1.203125000000000000e+00
-1.203125000000000000e+00
-1.206054687500000000e+00
-1.201171875000000000e+00
-1.201171875000000000e+00
-1.203125000000000000e+00
-1.203125000000000000e+00
-1.203125000000000000e+00
-1.203125000000000000e+00
-1.201171875000000000e+00
-1.201171875000000000e+00
-1.203125000000000000e+00
-1.203125000000000000e+00
-1.203125000000000000e+00
-1.201171875000000000e+00
-1.203125000000000000e+00
-1.201171875000000000e+00
-1.203125000000000000e+00
-1.206054687500000000e+00
-1.206054687500000000e+00
-1.203125000000000000e+00
-1.203125000000000000e+00
-1.201171875000000000e+00
-1.203125000000000000e+00
-1.206054687500000000e+00
-1.203125000000000000e+00
-1.203125000000000000e+00
-1.201171875000000000e+00
-1.201171875000000000e+00
-1.203125000000000000e+00
-1.203125000000000000e+00
-1.206054687500000000e+00
-1.206054687500000000e+00
-1.203125000000000000e+00
-1.203125000000000000e+00
-1.201171875000000000e+00
-1.201171875000000000e+00
-1.201171875000000000e+00
-1.206054687500000000e+00
-1.206054687500000000e+00
-1.206054687500000000e+00
-1.203125000000000000e+00
-1.203125000000000000e+00
-1.206054687500000000e+00
-1.206054687500000000e+00
-1.208984375000000000e+00
-1.206054687500000000e+00
-1.206054687500000000e+00
-1.203125000000000000e+00
-1.203125000000000000e+00
-1.201171875000000000e+00
-1.203125000000000000e+00
-1.203125000000000000e+00
-1.206054687500000000e+00
-1.206054687500000000e+00
-1.203125000000000000e+00
-1.203125000000000000e+00
-1.201171875000000000e+00
-1.201171875000000000e+00
-1.203125000000000000e+00
-1.203125000000000000e+00
-1.206054687500000000e+00
-1.203125000000000000e+00
-1.203125000000000000e+00
-1.206054687500000000e+00
-1.206054687500000000e+00
-1.208984375000000000e+00
-1.206054687500000000e+00
-1.203125000000000000e+00
-1.203125000000000000e+00
-1.203125000000000000e+00
-1.203125000000000000e+00
-1.203125000000000000e+00
-1.203125000000000000e+00
-1.201171875000000000e+00
-1.203125000000000000e+00
-1.203125000000000000e+00
-1.206054687500000000e+00
-1.206054687500000000e+00
-1.203125000000000000e+00
-1.203125000000000000e+00
-1.206054687500000000e+00
-1.203125000000000000e+00
-1.206054687500000000e+00
-1.203125000000000000e+00
-1.203125000000000000e+00
-1.203125000000000000e+00
-1.203125000000000000e+00
-1.203125000000000000e+00
-1.203125000000000000e+00
-1.206054687500000000e+00
-1.206054687500000000e+00
-1.203125000000000000e+00
-1.201171875000000000e+00
-1.203125000000000000e+00
-1.206054687500000000e+00
-1.206054687500000000e+00
-1.203125000000000000e+00
-1.201171875000000000e+00
-1.203125000000000000e+00
-1.199218750000000000e+00
-1.201171875000000000e+00
-1.201171875000000000e+00
-1.201171875000000000e+00
-1.201171875000000000e+00
-1.203125000000000000e+00
-1.203125000000000000e+00
-1.203125000000000000e+00
-1.206054687500000000e+00
-1.203125000000000000e+00
-1.203125000000000000e+00
-1.201171875000000000e+00
-1.203125000000000000e+00
-1.201171875000000000e+00
-1.206054687500000000e+00
-1.203125000000000000e+00
-1.201171875000000000e+00
-1.201171875000000000e+00
-1.201171875000000000e+00
-1.203125000000000000e+00
-1.203125000000000000e+00
-1.203125000000000000e+00
-1.203125000000000000e+00
-1.201171875000000000e+00
-1.201171875000000000e+00
-1.201171875000000000e+00
-1.201171875000000000e+00
-1.203125000000000000e+00
-1.203125000000000000e+00
-1.203125000000000000e+00
-1.203125000000000000e+00
-1.203125000000000000e+00
-1.203125000000000000e+00
-1.203125000000000000e+00
-1.203125000000000000e+00
-1.203125000000000000e+00
-1.203125000000000000e+00
-1.203125000000000000e+00
-1.203125000000000000e+00
-1.206054687500000000e+00
-1.203125000000000000e+00
-1.201171875000000000e+00
-1.201171875000000000e+00
-1.203125000000000000e+00
-1.201171875000000000e+00
-1.201171875000000000e+00
-1.199218750000000000e+00
-1.201171875000000000e+00
-1.199218750000000000e+00
-1.199218750000000000e+00
-1.201171875000000000e+00
-1.201171875000000000e+00
-1.203125000000000000e+00
-1.203125000000000000e+00
-1.201171875000000000e+00
-1.199218750000000000e+00
-1.199218750000000000e+00
-1.201171875000000000e+00
-1.203125000000000000e+00
-1.201171875000000000e+00
-1.199218750000000000e+00
-1.199218750000000000e+00
-1.199218750000000000e+00
-1.201171875000000000e+00
-1.199218750000000000e+00
-1.199218750000000000e+00
-1.196289062500000000e+00
-1.199218750000000000e+00
-1.201171875000000000e+00
-1.201171875000000000e+00
-1.199218750000000000e+00
-1.196289062500000000e+00
-1.196289062500000000e+00
-1.196289062500000000e+00
-1.199218750000000000e+00
-1.196289062500000000e+00
-1.196289062500000000e+00
-1.196289062500000000e+00
-1.199218750000000000e+00
-1.199218750000000000e+00
-1.201171875000000000e+00
-1.199218750000000000e+00
-1.199218750000000000e+00
-1.199218750000000000e+00
-1.196289062500000000e+00
-1.201171875000000000e+00
-1.199218750000000000e+00
-1.199218750000000000e+00
-1.196289062500000000e+00
-1.199218750000000000e+00
-1.199218750000000000e+00
-1.199218750000000000e+00
-1.196289062500000000e+00
-1.196289062500000000e+00
-1.196289062500000000e+00
-1.196289062500000000e+00
-1.199218750000000000e+00
-1.199218750000000000e+00
-1.199218750000000000e+00
-1.196289062500000000e+00
-1.199218750000000000e+00
-1.199218750000000000e+00
-1.199218750000000000e+00
-1.196289062500000000e+00
-1.196289062500000000e+00
-1.199218750000000000e+00
-1.196289062500000000e+00
-1.196289062500000000e+00
-1.196289062500000000e+00
-1.199218750000000000e+00
-1.199218750000000000e+00
-1.199218750000000000e+00
-1.199218750000000000e+00
-1.196289062500000000e+00
-1.196289062500000000e+00
-1.193359375000000000e+00
-1.193359375000000000e+00
-1.196289062500000000e+00
-1.199218750000000000e+00
-1.199218750000000000e+00
-1.196289062500000000e+00
-1.196289062500000000e+00
-1.196289062500000000e+00
-1.196289062500000000e+00
-1.196289062500000000e+00
-1.196289062500000000e+00
-1.196289062500000000e+00
-1.199218750000000000e+00
-1.199218750000000000e+00
-1.196289062500000000e+00
-1.193359375000000000e+00
-1.196289062500000000e+00
-1.199218750000000000e+00
-1.199218750000000000e+00
-1.199218750000000000e+00
-1.196289062500000000e+00
-1.196289062500000000e+00
-1.193359375000000000e+00
-1.196289062500000000e+00
-1.199218750000000000e+00
-1.199218750000000000e+00
-1.196289062500000000e+00
-1.196289062500000000e+00
-1.196289062500000000e+00
-1.199218750000000000e+00
-1.196289062500000000e+00
-1.196289062500000000e+00
-1.199218750000000000e+00
-1.199218750000000000e+00
-1.196289062500000000e+00
-1.196289062500000000e+00
-1.199218750000000000e+00
-1.199218750000000000e+00
-1.199218750000000000e+00
-1.199218750000000000e+00
-1.196289062500000000e+00
-1.196289062500000000e+00
-1.196289062500000000e+00
-1.199218750000000000e+00
-1.196289062500000000e+00
-1.196289062500000000e+00
-1.199218750000000000e+00
-1.199218750000000000e+00
-1.196289062500000000e+00
-1.196289062500000000e+00
-1.199218750000000000e+00
-1.199218750000000000e+00
-1.201171875000000000e+00
-1.201171875000000000e+00
-1.199218750000000000e+00
-1.199218750000000000e+00
-1.199218750000000000e+00
-1.199218750000000000e+00
-1.196289062500000000e+00
-1.196289062500000000e+00
-1.199218750000000000e+00
-1.201171875000000000e+00
-1.199218750000000000e+00
-1.199218750000000000e+00
-1.199218750000000000e+00
-1.199218750000000000e+00
-1.199218750000000000e+00
-1.196289062500000000e+00
-1.199218750000000000e+00
-1.201171875000000000e+00
-1.199218750000000000e+00
-1.201171875000000000e+00
-1.199218750000000000e+00
-1.199218750000000000e+00
-1.201171875000000000e+00
-1.201171875000000000e+00
-1.201171875000000000e+00
-1.201171875000000000e+00
-1.199218750000000000e+00
-1.199218750000000000e+00
-1.199218750000000000e+00
-1.196289062500000000e+00
-1.196289062500000000e+00
-1.199218750000000000e+00
-1.201171875000000000e+00
-1.201171875000000000e+00
-1.203125000000000000e+00
-1.201171875000000000e+00
-1.199218750000000000e+00
-1.199218750000000000e+00
-1.196289062500000000e+00
-1.196289062500000000e+00
-1.199218750000000000e+00
-1.201171875000000000e+00
-1.201171875000000000e+00
-1.201171875000000000e+00
-1.201171875000000000e+00
-1.199218750000000000e+00
-1.199218750000000000e+00
-1.199218750000000000e+00
-1.199218750000000000e+00
-1.199218750000000000e+00
-1.201171875000000000e+00
-1.199218750000000000e+00
-1.199218750000000000e+00
-1.201171875000000000e+00
-1.201171875000000000e+00
-1.199218750000000000e+00
-1.201171875000000000e+00
-1.201171875000000000e+00
-1.199218750000000000e+00
-1.196289062500000000e+00
-1.199218750000000000e+00
-1.199218750000000000e+00
-1.199218750000000000e+00
-1.201171875000000000e+00
-1.201171875000000000e+00
-1.201171875000000000e+00
-1.201171875000000000e+00
-1.201171875000000000e+00
-1.199218750000000000e+00
-1.199218750000000000e+00
-1.203125000000000000e+00
-1.203125000000000000e+00
-1.208984375000000000e+00
-1.206054687500000000e+00
-1.203125000000000000e+00
-1.203125000000000000e+00
-1.201171875000000000e+00
-1.201171875000000000e+00
-1.203125000000000000e+00
-1.206054687500000000e+00
-1.203125000000000000e+00
-1.203125000000000000e+00
-1.201171875000000000e+00
-1.201171875000000000e+00
-1.199218750000000000e+00
-1.201171875000000000e+00
-1.203125000000000000e+00
-1.203125000000000000e+00
-1.203125000000000000e+00
-1.206054687500000000e+00
-1.203125000000000000e+00
-1.203125000000000000e+00
-1.206054687500000000e+00
-1.206054687500000000e+00
-1.206054687500000000e+00
-1.206054687500000000e+00
-1.203125000000000000e+00
-1.203125000000000000e+00
-1.203125000000000000e+00
-1.206054687500000000e+00
-1.206054687500000000e+00
-1.206054687500000000e+00
-1.208984375000000000e+00
-1.206054687500000000e+00
-1.206054687500000000e+00
-1.203125000000000000e+00
-1.203125000000000000e+00
-1.201171875000000000e+00
-1.203125000000000000e+00
-1.206054687500000000e+00
-1.206054687500000000e+00
-1.206054687500000000e+00
-1.203125000000000000e+00
-1.203125000000000000e+00
-1.203125000000000000e+00
-1.201171875000000000e+00
-1.203125000000000000e+00
-1.206054687500000000e+00
-1.206054687500000000e+00
-1.206054687500000000e+00
-1.206054687500000000e+00
-1.206054687500000000e+00
-1.206054687500000000e+00
-1.203125000000000000e+00
-1.201171875000000000e+00
-1.206054687500000000e+00
-1.206054687500000000e+00
-1.203125000000000000e+00
-1.203125000000000000e+00
-1.201171875000000000e+00
-1.203125000000000000e+00
-1.206054687500000000e+00
-1.206054687500000000e+00
-1.206054687500000000e+00
-1.210937500000000000e+00
-1.206054687500000000e+00
-1.206054687500000000e+00
-1.208984375000000000e+00
-1.206054687500000000e+00
-1.206054687500000000e+00
-1.206054687500000000e+00
-1.206054687500000000e+00
-1.206054687500000000e+00
-1.206054687500000000e+00
-1.206054687500000000e+00
-1.208984375000000000e+00
-1.208984375000000000e+00
-1.203125000000000000e+00
-1.203125000000000000e+00
-1.203125000000000000e+00
-1.206054687500000000e+00
-1.206054687500000000e+00
-1.206054687500000000e+00
-1.206054687500000000e+00
-1.206054687500000000e+00
-1.208984375000000000e+00
-1.206054687500000000e+00
-1.203125000000000000e+00
-1.203125000000000000e+00
-1.208984375000000000e+00
-1.206054687500000000e+00
-1.203125000000000000e+00
-1.203125000000000000e+00
-1.203125000000000000e+00
-1.203125000000000000e+00
-1.206054687500000000e+00
-1.206054687500000000e+00
-1.206054687500000000e+00
-1.206054687500000000e+00
-1.203125000000000000e+00
-1.206054687500000000e+00
-1.208984375000000000e+00
-1.203125000000000000e+00
-1.203125000000000000e+00
-1.203125000000000000e+00
-1.206054687500000000e+00
-1.206054687500000000e+00
-1.206054687500000000e+00
-1.203125000000000000e+00
-1.203125000000000000e+00
-1.206054687500000000e+00
-1.206054687500000000e+00
-1.206054687500000000e+00
-1.206054687500000000e+00
-1.206054687500000000e+00
-1.206054687500000000e+00
-1.201171875000000000e+00
-1.203125000000000000e+00
-1.206054687500000000e+00
-1.206054687500000000e+00
-1.206054687500000000e+00
-1.203125000000000000e+00
-1.203125000000000000e+00
-1.203125000000000000e+00
-1.203125000000000000e+00
-1.201171875000000000e+00
-1.203125000000000000e+00
-1.203125000000000000e+00
-1.203125000000000000e+00
-1.206054687500000000e+00
-1.206054687500000000e+00
-1.206054687500000000e+00
-1.203125000000000000e+00
-1.203125000000000000e+00
-1.201171875000000000e+00
-1.203125000000000000e+00
-1.206054687500000000e+00
-1.206054687500000000e+00
-1.206054687500000000e+00
-1.206054687500000000e+00
-1.201171875000000000e+00
-1.201171875000000000e+00
-1.201171875000000000e+00
-1.203125000000000000e+00
-1.206054687500000000e+00
-1.206054687500000000e+00
-1.203125000000000000e+00
-1.203125000000000000e+00
-1.203125000000000000e+00
-1.203125000000000000e+00
-1.203125000000000000e+00
-1.203125000000000000e+00
-1.206054687500000000e+00
-1.203125000000000000e+00
-1.201171875000000000e+00
-1.201171875000000000e+00
-1.203125000000000000e+00
-1.203125000000000000e+00
-1.206054687500000000e+00
-1.203125000000000000e+00
-1.201171875000000000e+00
-1.201171875000000000e+00
-1.201171875000000000e+00
-1.203125000000000000e+00
-1.203125000000000000e+00
-1.206054687500000000e+00
-1.201171875000000000e+00
-1.201171875000000000e+00
-1.201171875000000000e+00
-1.201171875000000000e+00
-1.203125000000000000e+00
-1.203125000000000000e+00
-1.203125000000000000e+00
-1.201171875000000000e+00
-1.203125000000000000e+00
-1.201171875000000000e+00
-1.203125000000000000e+00
-1.203125000000000000e+00
-1.203125000000000000e+00
-1.201171875000000000e+00
-1.201171875000000000e+00
-1.201171875000000000e+00
-1.203125000000000000e+00
-1.203125000000000000e+00
-1.201171875000000000e+00
-1.199218750000000000e+00
-1.203125000000000000e+00
-1.201171875000000000e+00
-1.201171875000000000e+00
-1.201171875000000000e+00
-1.201171875000000000e+00
-1.196289062500000000e+00
-1.196289062500000000e+00
-1.199218750000000000e+00
-1.196289062500000000e+00
-1.196289062500000000e+00
-1.196289062500000000e+00
-1.196289062500000000e+00
-1.199218750000000000e+00
-1.196289062500000000e+00
-1.199218750000000000e+00
-1.199218750000000000e+00
-1.199218750000000000e+00
-1.199218750000000000e+00
-1.193359375000000000e+00
-1.196289062500000000e+00
-1.196289062500000000e+00
-1.199218750000000000e+00
-1.199218750000000000e+00
-1.199218750000000000e+00
-1.196289062500000000e+00
-1.196289062500000000e+00
-1.199218750000000000e+00
-1.199218750000000000e+00
-1.193359375000000000e+00
-1.193359375000000000e+00
-1.196289062500000000e+00
-1.196289062500000000e+00
-1.196289062500000000e+00
-1.199218750000000000e+00
-1.196289062500000000e+00
-1.196289062500000000e+00
-1.196289062500000000e+00
-1.193359375000000000e+00
-1.193359375000000000e+00
-1.193359375000000000e+00
-1.196289062500000000e+00
-1.196289062500000000e+00
-1.199218750000000000e+00
-1.193359375000000000e+00
-1.193359375000000000e+00
-1.191406250000000000e+00
-1.193359375000000000e+00
-1.193359375000000000e+00
-1.196289062500000000e+00
-1.196289062500000000e+00
-1.196289062500000000e+00
-1.193359375000000000e+00
-1.193359375000000000e+00
-1.191406250000000000e+00
-1.193359375000000000e+00
-1.196289062500000000e+00
-1.196289062500000000e+00
-1.196289062500000000e+00
-1.193359375000000000e+00
-1.193359375000000000e+00
-1.193359375000000000e+00
-1.193359375000000000e+00
-1.193359375000000000e+00
-1.196289062500000000e+00
-1.196289062500000000e+00
-1.196289062500000000e+00
-1.193359375000000000e+00
-1.191406250000000000e+00
-1.193359375000000000e+00
-1.191406250000000000e+00
-1.193359375000000000e+00
-1.196289062500000000e+00
-1.196289062500000000e+00
-1.193359375000000000e+00
-1.191406250000000000e+00
-1.191406250000000000e+00
-1.191406250000000000e+00
-1.193359375000000000e+00
-1.193359375000000000e+00
-1.196289062500000000e+00
-1.191406250000000000e+00
-1.193359375000000000e+00
-1.193359375000000000e+00
-1.193359375000000000e+00
-1.196289062500000000e+00
-1.196289062500000000e+00
-1.196289062500000000e+00
-1.193359375000000000e+00
-1.193359375000000000e+00
-1.193359375000000000e+00
-1.193359375000000000e+00
-1.193359375000000000e+00
-1.193359375000000000e+00
-1.196289062500000000e+00
-1.193359375000000000e+00
-1.193359375000000000e+00
-1.191406250000000000e+00
-1.189453125000000000e+00
-1.186523437500000000e+00
-1.189453125000000000e+00
-1.191406250000000000e+00
-1.193359375000000000e+00
-1.191406250000000000e+00
-1.191406250000000000e+00
-1.191406250000000000e+00
-1.189453125000000000e+00
-1.191406250000000000e+00
-1.189453125000000000e+00
-1.191406250000000000e+00
-1.191406250000000000e+00
-1.189453125000000000e+00
-1.189453125000000000e+00
-1.191406250000000000e+00
-1.191406250000000000e+00
-1.189453125000000000e+00
-1.189453125000000000e+00
-1.189453125000000000e+00
-1.189453125000000000e+00
-1.189453125000000000e+00
-1.189453125000000000e+00
-1.189453125000000000e+00
-1.189453125000000000e+00
-1.189453125000000000e+00
-1.191406250000000000e+00
-1.191406250000000000e+00
-1.189453125000000000e+00
-1.189453125000000000e+00
-1.189453125000000000e+00
-1.191406250000000000e+00
-1.191406250000000000e+00
-1.189453125000000000e+00
-1.189453125000000000e+00
-1.189453125000000000e+00
-1.191406250000000000e+00
-1.189453125000000000e+00
-1.189453125000000000e+00
-1.189453125000000000e+00
-1.189453125000000000e+00
-1.189453125000000000e+00
-1.191406250000000000e+00
-1.191406250000000000e+00
-1.189453125000000000e+00
-1.189453125000000000e+00
-1.191406250000000000e+00
-1.191406250000000000e+00
-1.191406250000000000e+00
-1.191406250000000000e+00
-1.189453125000000000e+00
-1.189453125000000000e+00
-1.186523437500000000e+00
-1.186523437500000000e+00
-1.186523437500000000e+00
-1.189453125000000000e+00
-1.189453125000000000e+00
-1.191406250000000000e+00
-1.191406250000000000e+00
-1.189453125000000000e+00
-1.189453125000000000e+00
-1.189453125000000000e+00
-1.189453125000000000e+00
-1.189453125000000000e+00
-1.186523437500000000e+00
-1.186523437500000000e+00
-1.189453125000000000e+00
-1.186523437500000000e+00
-1.186523437500000000e+00
-1.189453125000000000e+00
-1.186523437500000000e+00
-1.189453125000000000e+00
-1.189453125000000000e+00
-1.189453125000000000e+00
-1.189453125000000000e+00
-1.186523437500000000e+00
-1.186523437500000000e+00
-1.186523437500000000e+00
-1.189453125000000000e+00
-1.189453125000000000e+00
-1.191406250000000000e+00
-1.189453125000000000e+00
-1.189453125000000000e+00
-1.186523437500000000e+00
-1.189453125000000000e+00
-1.191406250000000000e+00
-1.191406250000000000e+00
-1.189453125000000000e+00
-1.186523437500000000e+00
-1.189453125000000000e+00
-1.189453125000000000e+00
-1.186523437500000000e+00
-1.186523437500000000e+00
-1.189453125000000000e+00
-1.191406250000000000e+00
-1.191406250000000000e+00
-1.193359375000000000e+00
-1.193359375000000000e+00
-1.191406250000000000e+00
-1.189453125000000000e+00
-1.189453125000000000e+00
-1.186523437500000000e+00
-1.189453125000000000e+00
-1.189453125000000000e+00
-1.189453125000000000e+00
-1.191406250000000000e+00
-1.186523437500000000e+00
-1.189453125000000000e+00
-1.186523437500000000e+00
-1.191406250000000000e+00
-1.189453125000000000e+00
-1.186523437500000000e+00
-1.186523437500000000e+00
-1.189453125000000000e+00
-1.189453125000000000e+00
-1.189453125000000000e+00
-1.191406250000000000e+00
-1.186523437500000000e+00
-1.186523437500000000e+00
-1.191406250000000000e+00
-1.189453125000000000e+00
-1.186523437500000000e+00
-1.189453125000000000e+00
-1.189453125000000000e+00
-1.189453125000000000e+00
-1.189453125000000000e+00
-1.189453125000000000e+00
-1.186523437500000000e+00
-1.191406250000000000e+00
-1.189453125000000000e+00
-1.189453125000000000e+00
-1.186523437500000000e+00
-1.186523437500000000e+00
-1.189453125000000000e+00
-1.186523437500000000e+00
-1.186523437500000000e+00
-1.183593750000000000e+00
-1.186523437500000000e+00
-1.189453125000000000e+00
-1.189453125000000000e+00
-1.191406250000000000e+00
-1.189453125000000000e+00
-1.186523437500000000e+00
-1.186523437500000000e+00
-1.186523437500000000e+00
-1.186523437500000000e+00
-1.189453125000000000e+00
-1.191406250000000000e+00
-1.189453125000000000e+00
-1.186523437500000000e+00
-1.186523437500000000e+00
-1.189453125000000000e+00
-1.189453125000000000e+00
-1.189453125000000000e+00
-1.186523437500000000e+00
-1.183593750000000000e+00
-1.183593750000000000e+00
-1.183593750000000000e+00
-1.189453125000000000e+00
-1.189453125000000000e+00
-1.189453125000000000e+00
-1.189453125000000000e+00
-1.189453125000000000e+00
-1.189453125000000000e+00
-1.186523437500000000e+00
-1.186523437500000000e+00
-1.186523437500000000e+00
-1.189453125000000000e+00
-1.189453125000000000e+00
-1.189453125000000000e+00
-1.189453125000000000e+00
-1.186523437500000000e+00
-1.186523437500000000e+00
-1.183593750000000000e+00
-1.186523437500000000e+00
-1.189453125000000000e+00
-1.189453125000000000e+00
-1.186523437500000000e+00
-1.186523437500000000e+00
-1.186523437500000000e+00
-1.183593750000000000e+00
-1.183593750000000000e+00
-1.186523437500000000e+00
-1.186523437500000000e+00
-1.186523437500000000e+00
-1.186523437500000000e+00
-1.186523437500000000e+00
-1.186523437500000000e+00
-1.186523437500000000e+00
-1.186523437500000000e+00
-1.186523437500000000e+00
-1.186523437500000000e+00
-1.186523437500000000e+00
-1.183593750000000000e+00
-1.183593750000000000e+00
-1.186523437500000000e+00
-1.186523437500000000e+00
-1.186523437500000000e+00
-1.183593750000000000e+00
-1.183593750000000000e+00
-1.181640625000000000e+00
-1.181640625000000000e+00
-1.181640625000000000e+00
-1.183593750000000000e+00
-1.181640625000000000e+00
-1.181640625000000000e+00
-1.183593750000000000e+00
-1.183593750000000000e+00
-1.183593750000000000e+00
-1.183593750000000000e+00
-1.181640625000000000e+00
-1.181640625000000000e+00
-1.181640625000000000e+00
-1.181640625000000000e+00
-1.179687500000000000e+00
-1.181640625000000000e+00
-1.183593750000000000e+00
-1.181640625000000000e+00
-1.181640625000000000e+00
-1.181640625000000000e+00
-1.183593750000000000e+00
-1.181640625000000000e+00
-1.179687500000000000e+00
-1.179687500000000000e+00
-1.179687500000000000e+00
-1.176757812500000000e+00
-1.179687500000000000e+00
-1.181640625000000000e+00
-1.181640625000000000e+00
-1.183593750000000000e+00
-1.183593750000000000e+00
-1.181640625000000000e+00
-1.179687500000000000e+00
-1.179687500000000000e+00
-1.181640625000000000e+00
-1.181640625000000000e+00
-1.179687500000000000e+00
-1.179687500000000000e+00
-1.181640625000000000e+00
-1.181640625000000000e+00
-1.181640625000000000e+00
-1.181640625000000000e+00
-1.179687500000000000e+00
-1.179687500000000000e+00
-1.181640625000000000e+00
-1.179687500000000000e+00
-1.179687500000000000e+00
-1.176757812500000000e+00
-1.179687500000000000e+00
-1.179687500000000000e+00
-1.179687500000000000e+00
-1.181640625000000000e+00
-1.181640625000000000e+00
-1.179687500000000000e+00
-1.179687500000000000e+00
-1.179687500000000000e+00
-1.179687500000000000e+00
-1.179687500000000000e+00
-1.179687500000000000e+00
-1.176757812500000000e+00
-1.176757812500000000e+00
-1.176757812500000000e+00
-1.181640625000000000e+00
-1.181640625000000000e+00
-1.181640625000000000e+00
-1.181640625000000000e+00
-1.179687500000000000e+00
-1.176757812500000000e+00
-1.176757812500000000e+00
-1.179687500000000000e+00
-1.179687500000000000e+00
-1.179687500000000000e+00
-1.176757812500000000e+00
-1.179687500000000000e+00
-1.179687500000000000e+00
-1.181640625000000000e+00
-1.181640625000000000e+00
-1.179687500000000000e+00
-1.176757812500000000e+00
-1.176757812500000000e+00
-1.176757812500000000e+00
-1.176757812500000000e+00
-1.179687500000000000e+00
-1.179687500000000000e+00
-1.179687500000000000e+00
-1.176757812500000000e+00
-1.176757812500000000e+00
-1.176757812500000000e+00
-1.176757812500000000e+00
-1.179687500000000000e+00
-1.179687500000000000e+00
-1.176757812500000000e+00
-1.176757812500000000e+00
-1.171875000000000000e+00
-1.171875000000000000e+00
-1.173828125000000000e+00
-1.173828125000000000e+00
-1.176757812500000000e+00
-1.176757812500000000e+00
-1.171875000000000000e+00
-1.171875000000000000e+00
-1.171875000000000000e+00
-1.171875000000000000e+00
-1.173828125000000000e+00
-1.173828125000000000e+00
-1.173828125000000000e+00
-1.171875000000000000e+00
-1.169921875000000000e+00
-1.171875000000000000e+00
-1.173828125000000000e+00
-1.171875000000000000e+00
-1.171875000000000000e+00
-1.171875000000000000e+00
-1.173828125000000000e+00
-1.171875000000000000e+00
-1.171875000000000000e+00
-1.171875000000000000e+00
-1.171875000000000000e+00
-1.173828125000000000e+00
-1.171875000000000000e+00
-1.173828125000000000e+00
-1.176757812500000000e+00
-1.173828125000000000e+00
-1.171875000000000000e+00
-1.171875000000000000e+00
-1.169921875000000000e+00
-1.169921875000000000e+00
-1.171875000000000000e+00
-1.173828125000000000e+00
-1.171875000000000000e+00
-1.171875000000000000e+00
-1.171875000000000000e+00
-1.171875000000000000e+00
-1.171875000000000000e+00
-1.171875000000000000e+00
-1.169921875000000000e+00
-1.171875000000000000e+00
-1.171875000000000000e+00
-1.171875000000000000e+00
-1.171875000000000000e+00
-1.171875000000000000e+00
-1.171875000000000000e+00
-1.169921875000000000e+00
-1.169921875000000000e+00
-1.166992187500000000e+00
-1.169921875000000000e+00
-1.171875000000000000e+00
-1.169921875000000000e+00
-1.171875000000000000e+00
-1.171875000000000000e+00
-1.169921875000000000e+00
-1.169921875000000000e+00
-1.171875000000000000e+00
-1.169921875000000000e+00
-1.166992187500000000e+00
-1.164062500000000000e+00
-1.166992187500000000e+00
-1.164062500000000000e+00
-1.164062500000000000e+00
-1.166992187500000000e+00
-1.164062500000000000e+00
-1.166992187500000000e+00
-1.169921875000000000e+00
-1.166992187500000000e+00
-1.166992187500000000e+00
-1.166992187500000000e+00
-1.164062500000000000e+00
-1.166992187500000000e+00
-1.166992187500000000e+00
-1.166992187500000000e+00
-1.169921875000000000e+00
-1.166992187500000000e+00
-1.166992187500000000e+00
-1.164062500000000000e+00
-1.166992187500000000e+00
-1.166992187500000000e+00
-1.169921875000000000e+00
-1.166992187500000000e+00
-1.164062500000000000e+00
-1.164062500000000000e+00
-1.164062500000000000e+00
-1.164062500000000000e+00
-1.162109375000000000e+00
-1.162109375000000000e+00
-1.162109375000000000e+00
-1.164062500000000000e+00
-1.166992187500000000e+00
-1.166992187500000000e+00
-1.169921875000000000e+00
-1.166992187500000000e+00
-1.164062500000000000e+00
-1.164062500000000000e+00
-1.164062500000000000e+00
-1.166992187500000000e+00
-1.164062500000000000e+00
-1.164062500000000000e+00
-1.166992187500000000e+00
-1.166992187500000000e+00
-1.166992187500000000e+00
-1.164062500000000000e+00
-1.164062500000000000e+00
-1.164062500000000000e+00
-1.164062500000000000e+00
-1.162109375000000000e+00
-1.162109375000000000e+00
-1.162109375000000000e+00
-1.164062500000000000e+00
-1.164062500000000000e+00
-1.164062500000000000e+00
-1.164062500000000000e+00
-1.164062500000000000e+00
-1.164062500000000000e+00
-1.164062500000000000e+00
-1.164062500000000000e+00
-1.164062500000000000e+00
-1.166992187500000000e+00
-1.162109375000000000e+00
-1.162109375000000000e+00
-1.164062500000000000e+00
-1.164062500000000000e+00
-1.166992187500000000e+00
-1.164062500000000000e+00
-1.162109375000000000e+00
-1.162109375000000000e+00
-1.162109375000000000e+00
-1.164062500000000000e+00
-1.160156250000000000e+00
-1.162109375000000000e+00
-1.162109375000000000e+00
-1.162109375000000000e+00
-1.162109375000000000e+00
-1.164062500000000000e+00
-1.162109375000000000e+00
-1.160156250000000000e+00
-1.160156250000000000e+00
-1.160156250000000000e+00
-1.162109375000000000e+00
-1.162109375000000000e+00
-1.162109375000000000e+00
-1.162109375000000000e+00
-1.164062500000000000e+00
-1.160156250000000000e+00
-1.162109375000000000e+00
-1.162109375000000000e+00
-1.162109375000000000e+00
-1.164062500000000000e+00
-1.162109375000000000e+00
-1.160156250000000000e+00
-1.160156250000000000e+00
-1.162109375000000000e+00
-1.160156250000000000e+00
-1.157226562500000000e+00
-1.160156250000000000e+00
-1.160156250000000000e+00
-1.162109375000000000e+00
-1.162109375000000000e+00
-1.160156250000000000e+00
-1.160156250000000000e+00
-1.160156250000000000e+00
-1.162109375000000000e+00
-1.162109375000000000e+00
-1.162109375000000000e+00
-1.160156250000000000e+00
-1.160156250000000000e+00
-1.157226562500000000e+00
-1.160156250000000000e+00
-1.162109375000000000e+00
-1.162109375000000000e+00
-1.160156250000000000e+00
-1.160156250000000000e+00
-1.160156250000000000e+00
-1.157226562500000000e+00
-1.157226562500000000e+00
-1.157226562500000000e+00
-1.160156250000000000e+00
-1.160156250000000000e+00
-1.160156250000000000e+00
-1.162109375000000000e+00
-1.162109375000000000e+00
-1.160156250000000000e+00
-1.157226562500000000e+00
-1.160156250000000000e+00
-1.160156250000000000e+00
-1.160156250000000000e+00
-1.162109375000000000e+00
-1.160156250000000000e+00
-1.157226562500000000e+00
-1.157226562500000000e+00
-1.157226562500000000e+00
-1.160156250000000000e+00
-1.160156250000000000e+00
-1.160156250000000000e+00
-1.160156250000000000e+00
-1.160156250000000000e+00
-1.160156250000000000e+00
-1.157226562500000000e+00
-1.157226562500000000e+00
-1.160156250000000000e+00
-1.160156250000000000e+00
-1.162109375000000000e+00
-1.160156250000000000e+00
-1.157226562500000000e+00
-1.154296875000000000e+00
-1.154296875000000000e+00
-1.160156250000000000e+00
-1.160156250000000000e+00
-1.160156250000000000e+00
-1.160156250000000000e+00
-1.160156250000000000e+00
-1.157226562500000000e+00
-1.160156250000000000e+00
-1.157226562500000000e+00
-1.157226562500000000e+00
-1.154296875000000000e+00
-1.160156250000000000e+00
-1.160156250000000000e+00
-1.157226562500000000e+00
-1.157226562500000000e+00
-1.157226562500000000e+00
-1.157226562500000000e+00
-1.157226562500000000e+00
-1.160156250000000000e+00
-1.160156250000000000e+00
-1.160156250000000000e+00
-1.160156250000000000e+00
-1.157226562500000000e+00
-1.157226562500000000e+00
-1.154296875000000000e+00
-1.157226562500000000e+00
-1.154296875000000000e+00
-1.157226562500000000e+00
-1.157226562500000000e+00
-1.160156250000000000e+00
-1.157226562500000000e+00
-1.157226562500000000e+00
-1.157226562500000000e+00
-1.154296875000000000e+00
-1.157226562500000000e+00
-1.157226562500000000e+00
-1.157226562500000000e+00
-1.154296875000000000e+00
-1.154296875000000000e+00
-1.154296875000000000e+00
-1.157226562500000000e+00
-1.157226562500000000e+00
-1.157226562500000000e+00
-1.157226562500000000e+00
-1.157226562500000000e+00
-1.157226562500000000e+00
-1.157226562500000000e+00
-1.154296875000000000e+00
-1.154296875000000000e+00
-1.154296875000000000e+00
-1.150390625000000000e+00
-1.152343750000000000e+00
-1.152343750000000000e+00
-1.152343750000000000e+00
-1.152343750000000000e+00
-1.152343750000000000e+00
-1.154296875000000000e+00
-1.154296875000000000e+00
-1.152343750000000000e+00
-1.150390625000000000e+00
-1.152343750000000000e+00
-1.150390625000000000e+00
-1.150390625000000000e+00
-1.152343750000000000e+00
-1.154296875000000000e+00
-1.154296875000000000e+00
-1.157226562500000000e+00
-1.152343750000000000e+00
-1.152343750000000000e+00
-1.152343750000000000e+00
-1.154296875000000000e+00
-1.152343750000000000e+00
-1.152343750000000000e+00
-1.150390625000000000e+00
-1.152343750000000000e+00
-1.152343750000000000e+00
-1.154296875000000000e+00
-1.150390625000000000e+00
-1.152343750000000000e+00
-1.154296875000000000e+00
-1.152343750000000000e+00
-1.152343750000000000e+00
-1.152343750000000000e+00
-1.152343750000000000e+00
-1.154296875000000000e+00
-1.152343750000000000e+00
-1.152343750000000000e+00
-1.150390625000000000e+00
-1.152343750000000000e+00
-1.152343750000000000e+00
-1.152343750000000000e+00
-1.150390625000000000e+00
-1.152343750000000000e+00
-1.152343750000000000e+00
-1.150390625000000000e+00
-1.147460937500000000e+00
-1.150390625000000000e+00
-1.150390625000000000e+00
-1.152343750000000000e+00
-1.152343750000000000e+00
-1.152343750000000000e+00
-1.150390625000000000e+00
-1.150390625000000000e+00
-1.150390625000000000e+00
-1.152343750000000000e+00
-1.147460937500000000e+00
-1.147460937500000000e+00
-1.150390625000000000e+00
-1.152343750000000000e+00
-1.152343750000000000e+00
-1.150390625000000000e+00
-1.150390625000000000e+00
-1.150390625000000000e+00
-1.152343750000000000e+00
-1.150390625000000000e+00
-1.147460937500000000e+00
-1.150390625000000000e+00
-1.150390625000000000e+00
-1.150390625000000000e+00
-1.150390625000000000e+00
-1.147460937500000000e+00
-1.150390625000000000e+00
-1.147460937500000000e+00
-1.150390625000000000e+00
-1.150390625000000000e+00
-1.147460937500000000e+00
-1.147460937500000000e+00
-1.150390625000000000e+00
-1.147460937500000000e+00
-1.144531250000000000e+00
-1.147460937500000000e+00
-1.144531250000000000e+00
-1.147460937500000000e+00
-1.147460937500000000e+00
-1.150390625000000000e+00
-1.152343750000000000e+00
-1.152343750000000000e+00
-1.152343750000000000e+00
-1.147460937500000000e+00
-1.147460937500000000e+00
-1.142578125000000000e+00
-1.144531250000000000e+00
-1.147460937500000000e+00
-1.144531250000000000e+00
-1.144531250000000000e+00
-1.144531250000000000e+00
-1.144531250000000000e+00
-1.144531250000000000e+00
-1.142578125000000000e+00
-1.142578125000000000e+00
-1.142578125000000000e+00
-1.144531250000000000e+00
-1.144531250000000000e+00
-1.144531250000000000e+00
-1.142578125000000000e+00
-1.142578125000000000e+00
-1.142578125000000000e+00
-1.144531250000000000e+00
-1.147460937500000000e+00
-1.147460937500000000e+00
-1.144531250000000000e+00
-1.142578125000000000e+00
-1.142578125000000000e+00
-1.142578125000000000e+00
-1.142578125000000000e+00
-1.142578125000000000e+00
-1.144531250000000000e+00
-1.142578125000000000e+00
-1.144531250000000000e+00
-1.142578125000000000e+00
-1.142578125000000000e+00
-1.142578125000000000e+00
-1.140625000000000000e+00
-1.140625000000000000e+00
-1.140625000000000000e+00
-1.142578125000000000e+00
-1.144531250000000000e+00
-1.144531250000000000e+00
-1.144531250000000000e+00
-1.144531250000000000e+00
-1.142578125000000000e+00
-1.140625000000000000e+00
-1.142578125000000000e+00
-1.137695312500000000e+00
-1.140625000000000000e+00
-1.142578125000000000e+00
-1.144531250000000000e+00
-1.144531250000000000e+00
-1.144531250000000000e+00
-1.144531250000000000e+00
-1.142578125000000000e+00
-1.142578125000000000e+00
-1.140625000000000000e+00
-1.140625000000000000e+00
-1.142578125000000000e+00
-1.142578125000000000e+00
-1.140625000000000000e+00
-1.137695312500000000e+00
-1.137695312500000000e+00
-1.140625000000000000e+00
-1.142578125000000000e+00
-1.142578125000000000e+00
-1.142578125000000000e+00
-1.142578125000000000e+00
-1.142578125000000000e+00
-1.140625000000000000e+00
-1.137695312500000000e+00
-1.140625000000000000e+00
-1.140625000000000000e+00
-1.140625000000000000e+00
-1.140625000000000000e+00
-1.142578125000000000e+00
-1.140625000000000000e+00
-1.137695312500000000e+00
-1.134765625000000000e+00
-1.134765625000000000e+00
-1.132812500000000000e+00
-1.134765625000000000e+00
-1.130859375000000000e+00
-1.134765625000000000e+00
-1.134765625000000000e+00
-1.137695312500000000e+00
-1.134765625000000000e+00
-1.132812500000000000e+00
-1.134765625000000000e+00
-1.137695312500000000e+00
-1.137695312500000000e+00
-1.134765625000000000e+00
-1.132812500000000000e+00
-1.132812500000000000e+00
-1.134765625000000000e+00
-1.134765625000000000e+00
-1.132812500000000000e+00
-1.134765625000000000e+00
-1.132812500000000000e+00
-1.134765625000000000e+00
-1.132812500000000000e+00
-1.132812500000000000e+00
-1.132812500000000000e+00
-1.132812500000000000e+00
-1.132812500000000000e+00
-1.132812500000000000e+00
-1.132812500000000000e+00
-1.130859375000000000e+00
-1.132812500000000000e+00
-1.134765625000000000e+00
-1.137695312500000000e+00
-1.132812500000000000e+00
-1.132812500000000000e+00
-1.132812500000000000e+00
-1.132812500000000000e+00
-1.132812500000000000e+00
-1.132812500000000000e+00
-1.132812500000000000e+00
-1.130859375000000000e+00
-1.132812500000000000e+00
-1.132812500000000000e+00
-1.132812500000000000e+00
-1.130859375000000000e+00
-1.130859375000000000e+00
-1.132812500000000000e+00
-1.132812500000000000e+00
-1.130859375000000000e+00
-1.127929687500000000e+00
-1.130859375000000000e+00
-1.130859375000000000e+00
-1.130859375000000000e+00
-1.132812500000000000e+00
-1.132812500000000000e+00
-1.132812500000000000e+00
-1.132812500000000000e+00
-1.130859375000000000e+00
-1.127929687500000000e+00
-1.130859375000000000e+00
-1.130859375000000000e+00
-1.127929687500000000e+00
-1.127929687500000000e+00
-1.127929687500000000e+00
-1.125000000000000000e+00
-1.127929687500000000e+00
-1.125000000000000000e+00
-1.130859375000000000e+00
-1.127929687500000000e+00
-1.127929687500000000e+00
-1.125000000000000000e+00
-1.125000000000000000e+00
-1.125000000000000000e+00
-1.125000000000000000e+00
-1.123046875000000000e+00
-1.130859375000000000e+00
-1.127929687500000000e+00
-1.130859375000000000e+00
-1.130859375000000000e+00
-1.127929687500000000e+00
-1.127929687500000000e+00
-1.125000000000000000e+00
-1.127929687500000000e+00
-1.125000000000000000e+00
-1.127929687500000000e+00
-1.127929687500000000e+00
-1.125000000000000000e+00
-1.125000000000000000e+00
-1.125000000000000000e+00
-1.130859375000000000e+00
-1.127929687500000000e+00
-1.125000000000000000e+00
-1.123046875000000000e+00
-1.125000000000000000e+00
-1.123046875000000000e+00
-1.123046875000000000e+00
-1.123046875000000000e+00
-1.125000000000000000e+00
-1.127929687500000000e+00
-1.127929687500000000e+00
-1.125000000000000000e+00
-1.125000000000000000e+00
-1.125000000000000000e+00
-1.125000000000000000e+00
-1.127929687500000000e+00
-1.125000000000000000e+00
-1.125000000000000000e+00
-1.123046875000000000e+00
-1.123046875000000000e+00
-1.125000000000000000e+00
-1.125000000000000000e+00
-1.123046875000000000e+00
-1.125000000000000000e+00
-1.123046875000000000e+00
-1.123046875000000000e+00
-1.123046875000000000e+00
-1.125000000000000000e+00
-1.125000000000000000e+00
-1.123046875000000000e+00
-1.123046875000000000e+00
-1.121093750000000000e+00
-1.123046875000000000e+00
-1.123046875000000000e+00
-1.125000000000000000e+00
-1.125000000000000000e+00
-1.123046875000000000e+00
-1.121093750000000000e+00
-1.121093750000000000e+00
-1.123046875000000000e+00
-1.123046875000000000e+00
-1.123046875000000000e+00
-1.121093750000000000e+00
-1.121093750000000000e+00
-1.123046875000000000e+00
-1.123046875000000000e+00
-1.125000000000000000e+00
-1.123046875000000000e+00
-1.123046875000000000e+00
-1.121093750000000000e+00
-1.121093750000000000e+00
-1.121093750000000000e+00
-1.121093750000000000e+00
-1.118164062500000000e+00
-1.121093750000000000e+00
-1.118164062500000000e+00
-1.118164062500000000e+00
-1.121093750000000000e+00
-1.121093750000000000e+00
-1.121093750000000000e+00
-1.121093750000000000e+00
-1.118164062500000000e+00
-1.118164062500000000e+00
-1.118164062500000000e+00
-1.121093750000000000e+00
-1.118164062500000000e+00
-1.115234375000000000e+00
-1.118164062500000000e+00
-1.118164062500000000e+00
-1.118164062500000000e+00
-1.121093750000000000e+00
-1.121093750000000000e+00
-1.118164062500000000e+00
-1.115234375000000000e+00
-1.115234375000000000e+00
-1.115234375000000000e+00
-1.118164062500000000e+00
-1.118164062500000000e+00
-1.121093750000000000e+00
-1.121093750000000000e+00
-1.121093750000000000e+00
-1.118164062500000000e+00
-1.118164062500000000e+00
-1.118164062500000000e+00
-1.118164062500000000e+00
-1.115234375000000000e+00
-1.115234375000000000e+00
-1.118164062500000000e+00
-1.121093750000000000e+00
-1.121093750000000000e+00
-1.121093750000000000e+00
-1.118164062500000000e+00
-1.118164062500000000e+00
-1.115234375000000000e+00
-1.115234375000000000e+00
-1.115234375000000000e+00
-1.115234375000000000e+00
-1.118164062500000000e+00
-1.115234375000000000e+00
-1.118164062500000000e+00
-1.118164062500000000e+00
-1.121093750000000000e+00
-1.118164062500000000e+00
-1.115234375000000000e+00
-1.115234375000000000e+00
-1.118164062500000000e+00
-1.118164062500000000e+00
-1.118164062500000000e+00
-1.118164062500000000e+00
-1.115234375000000000e+00
-1.118164062500000000e+00
-1.113281250000000000e+00
-1.113281250000000000e+00
-1.115234375000000000e+00
-1.118164062500000000e+00
-1.118164062500000000e+00
-1.115234375000000000e+00
-1.113281250000000000e+00
-1.113281250000000000e+00
-1.113281250000000000e+00
-1.115234375000000000e+00
-1.115234375000000000e+00
-1.118164062500000000e+00
-1.118164062500000000e+00
-1.118164062500000000e+00
-1.115234375000000000e+00
-1.115234375000000000e+00
-1.113281250000000000e+00
-1.115234375000000000e+00
-1.115234375000000000e+00
-1.115234375000000000e+00
-1.113281250000000000e+00
-1.115234375000000000e+00
-1.115234375000000000e+00
-1.113281250000000000e+00
-1.111328125000000000e+00
-1.113281250000000000e+00
-1.118164062500000000e+00
-1.115234375000000000e+00
-1.115234375000000000e+00
-1.113281250000000000e+00
-1.113281250000000000e+00
-1.113281250000000000e+00
-1.111328125000000000e+00
-1.113281250000000000e+00
-1.113281250000000000e+00
-1.113281250000000000e+00
-1.115234375000000000e+00
-1.111328125000000000e+00
-1.111328125000000000e+00
-1.111328125000000000e+00
-1.113281250000000000e+00
-1.111328125000000000e+00
-1.111328125000000000e+00
-1.108398437500000000e+00
-1.108398437500000000e+00
-1.108398437500000000e+00
-1.108398437500000000e+00
-1.111328125000000000e+00
-1.111328125000000000e+00
-1.108398437500000000e+00
-1.108398437500000000e+00
-1.111328125000000000e+00
-1.111328125000000000e+00
-1.105468750000000000e+00
-1.108398437500000000e+00
-1.108398437500000000e+00
-1.108398437500000000e+00
-1.108398437500000000e+00
-1.108398437500000000e+00
-1.108398437500000000e+00
-1.108398437500000000e+00
-1.111328125000000000e+00
-1.108398437500000000e+00
-1.108398437500000000e+00
-1.111328125000000000e+00
-1.108398437500000000e+00
-1.108398437500000000e+00
-1.108398437500000000e+00
-1.108398437500000000e+00
-1.111328125000000000e+00
-1.111328125000000000e+00
-1.108398437500000000e+00
-1.108398437500000000e+00
-1.105468750000000000e+00
-1.105468750000000000e+00
-1.105468750000000000e+00
-1.108398437500000000e+00
-1.108398437500000000e+00
-1.108398437500000000e+00
-1.108398437500000000e+00
-1.108398437500000000e+00
-1.108398437500000000e+00
-1.108398437500000000e+00
-1.108398437500000000e+00
-1.108398437500000000e+00
-1.105468750000000000e+00
-1.105468750000000000e+00
-1.105468750000000000e+00
-1.105468750000000000e+00
-1.108398437500000000e+00
-1.108398437500000000e+00
-1.105468750000000000e+00
-1.105468750000000000e+00
-1.108398437500000000e+00
-1.108398437500000000e+00
-1.108398437500000000e+00
-1.103515625000000000e+00
-1.105468750000000000e+00
-1.103515625000000000e+00
-1.105468750000000000e+00
-1.105468750000000000e+00
-1.105468750000000000e+00
-1.105468750000000000e+00
-1.103515625000000000e+00
-1.105468750000000000e+00
-1.105468750000000000e+00
-1.108398437500000000e+00
-1.105468750000000000e+00
-1.103515625000000000e+00
-1.105468750000000000e+00
-1.105468750000000000e+00
-1.103515625000000000e+00
-1.103515625000000000e+00
-1.103515625000000000e+00
-1.103515625000000000e+00
-1.103515625000000000e+00
-1.101562500000000000e+00
-1.101562500000000000e+00
-1.103515625000000000e+00
-1.101562500000000000e+00
-1.101562500000000000e+00
-1.098632812500000000e+00
-1.098632812500000000e+00
-1.101562500000000000e+00
-1.101562500000000000e+00
-1.098632812500000000e+00
-1.101562500000000000e+00
-1.101562500000000000e+00
-1.103515625000000000e+00
-1.101562500000000000e+00
-1.101562500000000000e+00
-1.098632812500000000e+00
-1.101562500000000000e+00
-1.098632812500000000e+00
-1.098632812500000000e+00
-1.101562500000000000e+00
-1.101562500000000000e+00
-1.101562500000000000e+00
-1.101562500000000000e+00
-1.098632812500000000e+00
-1.098632812500000000e+00
-1.098632812500000000e+00
-1.098632812500000000e+00
-1.098632812500000000e+00
-1.098632812500000000e+00
-1.098632812500000000e+00
-1.095703125000000000e+00
-1.101562500000000000e+00
-1.101562500000000000e+00
-1.103515625000000000e+00
-1.098632812500000000e+00
-1.098632812500000000e+00
-1.098632812500000000e+00
-1.095703125000000000e+00
-1.098632812500000000e+00
-1.098632812500000000e+00
-1.098632812500000000e+00
-1.098632812500000000e+00
-1.095703125000000000e+00
-1.098632812500000000e+00
-1.098632812500000000e+00
-1.098632812500000000e+00
-1.098632812500000000e+00
-1.095703125000000000e+00
-1.095703125000000000e+00
-1.095703125000000000e+00
-1.093750000000000000e+00
-1.095703125000000000e+00
-1.098632812500000000e+00
-1.098632812500000000e+00
-1.095703125000000000e+00
-1.095703125000000000e+00
-1.095703125000000000e+00
-1.093750000000000000e+00
-1.093750000000000000e+00
-1.093750000000000000e+00
-1.095703125000000000e+00
-1.095703125000000000e+00
-1.095703125000000000e+00
-1.095703125000000000e+00
-1.093750000000000000e+00
-1.093750000000000000e+00
-1.091796875000000000e+00
-1.091796875000000000e+00
-1.091796875000000000e+00
-1.093750000000000000e+00
-1.093750000000000000e+00
-1.093750000000000000e+00
-1.088867187500000000e+00
-1.091796875000000000e+00
-1.085937500000000000e+00
-1.091796875000000000e+00
-1.091796875000000000e+00
-1.093750000000000000e+00
-1.091796875000000000e+00
-1.088867187500000000e+00
-1.091796875000000000e+00
-1.091796875000000000e+00
-1.088867187500000000e+00
-1.088867187500000000e+00
-1.091796875000000000e+00
-1.091796875000000000e+00
-1.091796875000000000e+00
-1.088867187500000000e+00
-1.088867187500000000e+00
-1.088867187500000000e+00
-1.088867187500000000e+00
-1.091796875000000000e+00
-1.091796875000000000e+00
-1.088867187500000000e+00
-1.088867187500000000e+00
-1.091796875000000000e+00
-1.088867187500000000e+00
-1.085937500000000000e+00
-1.085937500000000000e+00
-1.088867187500000000e+00
-1.088867187500000000e+00
-1.088867187500000000e+00
-1.085937500000000000e+00
-1.085937500000000000e+00
-1.088867187500000000e+00
-1.085937500000000000e+00
-1.085937500000000000e+00
-1.085937500000000000e+00
-1.085937500000000000e+00
-1.085937500000000000e+00
-1.085937500000000000e+00
-1.085937500000000000e+00
-1.083984375000000000e+00
-1.082031250000000000e+00
-1.083984375000000000e+00
-1.083984375000000000e+00
-1.083984375000000000e+00
-1.083984375000000000e+00
-1.082031250000000000e+00
-1.082031250000000000e+00
-1.085937500000000000e+00
-1.083984375000000000e+00
-1.085937500000000000e+00
-1.085937500000000000e+00
-1.085937500000000000e+00
-1.083984375000000000e+00
-1.082031250000000000e+00
-1.085937500000000000e+00
-1.083984375000000000e+00
-1.085937500000000000e+00
-1.083984375000000000e+00
-1.083984375000000000e+00
-1.082031250000000000e+00
-1.082031250000000000e+00
-1.083984375000000000e+00
-1.083984375000000000e+00
-1.083984375000000000e+00
-1.083984375000000000e+00
-1.082031250000000000e+00
-1.082031250000000000e+00
-1.082031250000000000e+00
-1.079101562500000000e+00
-1.082031250000000000e+00
-1.082031250000000000e+00
-1.083984375000000000e+00
-1.083984375000000000e+00
-1.083984375000000000e+00
-1.082031250000000000e+00
-1.076171875000000000e+00
-1.079101562500000000e+00
-1.076171875000000000e+00
-1.076171875000000000e+00
-1.076171875000000000e+00
-1.079101562500000000e+00
-1.079101562500000000e+00
-1.079101562500000000e+00
-1.079101562500000000e+00
-1.076171875000000000e+00
-1.079101562500000000e+00
-1.076171875000000000e+00
-1.076171875000000000e+00
-1.074218750000000000e+00
-1.076171875000000000e+00
-1.076171875000000000e+00
-1.076171875000000000e+00
-1.074218750000000000e+00
-1.074218750000000000e+00
-1.076171875000000000e+00
-1.076171875000000000e+00
-1.079101562500000000e+00
-1.076171875000000000e+00
-1.074218750000000000e+00
-1.074218750000000000e+00
-1.072265625000000000e+00
-1.072265625000000000e+00
-1.074218750000000000e+00
-1.076171875000000000e+00
-1.076171875000000000e+00
-1.074218750000000000e+00
-1.072265625000000000e+00
-1.072265625000000000e+00
-1.072265625000000000e+00
-1.072265625000000000e+00
-1.072265625000000000e+00
-1.069335937500000000e+00
-1.069335937500000000e+00
-1.069335937500000000e+00
-1.069335937500000000e+00
-1.072265625000000000e+00
-1.072265625000000000e+00
-1.072265625000000000e+00
-1.069335937500000000e+00
-1.069335937500000000e+00
-1.069335937500000000e+00
-1.072265625000000000e+00
-1.072265625000000000e+00
-1.072265625000000000e+00
-1.069335937500000000e+00
-1.069335937500000000e+00
-1.069335937500000000e+00
-1.072265625000000000e+00
-1.072265625000000000e+00
-1.069335937500000000e+00
-1.069335937500000000e+00
-1.069335937500000000e+00
-1.069335937500000000e+00
-1.069335937500000000e+00
-1.069335937500000000e+00
-1.069335937500000000e+00
-1.069335937500000000e+00
-1.066406250000000000e+00
-1.064453125000000000e+00
-1.069335937500000000e+00
-1.069335937500000000e+00
-1.069335937500000000e+00
-1.069335937500000000e+00
-1.069335937500000000e+00
-1.066406250000000000e+00
-1.066406250000000000e+00
-1.066406250000000000e+00
-1.066406250000000000e+00
-1.069335937500000000e+00
-1.069335937500000000e+00
-1.066406250000000000e+00
-1.066406250000000000e+00
-1.064453125000000000e+00
-1.064453125000000000e+00
-1.064453125000000000e+00
-1.062500000000000000e+00
-1.062500000000000000e+00
-1.064453125000000000e+00
-1.064453125000000000e+00
-1.062500000000000000e+00
-1.062500000000000000e+00
-1.062500000000000000e+00
-1.062500000000000000e+00
-1.062500000000000000e+00
-1.064453125000000000e+00
-1.064453125000000000e+00
-1.064453125000000000e+00
-1.062500000000000000e+00
-1.062500000000000000e+00
-1.062500000000000000e+00
-1.062500000000000000e+00
-1.062500000000000000e+00
-1.059570312500000000e+00
-1.062500000000000000e+00
-1.064453125000000000e+00
-1.062500000000000000e+00
-1.064453125000000000e+00
-1.059570312500000000e+00
-1.059570312500000000e+00
-1.059570312500000000e+00
-1.059570312500000000e+00
-1.059570312500000000e+00
-1.059570312500000000e+00
-1.059570312500000000e+00
-1.059570312500000000e+00
-1.056640625000000000e+00
-1.059570312500000000e+00
-1.059570312500000000e+00
-1.062500000000000000e+00
-1.062500000000000000e+00
-1.059570312500000000e+00
-1.056640625000000000e+00
-1.056640625000000000e+00
-1.056640625000000000e+00
-1.059570312500000000e+00
-1.056640625000000000e+00
-1.059570312500000000e+00
-1.054687500000000000e+00
-1.056640625000000000e+00
-1.056640625000000000e+00
-1.054687500000000000e+00
-1.054687500000000000e+00
-1.056640625000000000e+00
-1.054687500000000000e+00
-1.054687500000000000e+00
-1.054687500000000000e+00
-1.056640625000000000e+00
-1.056640625000000000e+00
-1.056640625000000000e+00
-1.054687500000000000e+00
-1.054687500000000000e+00
-1.054687500000000000e+00
-1.056640625000000000e+00
-1.054687500000000000e+00
-1.054687500000000000e+00
-1.054687500000000000e+00
-1.054687500000000000e+00
-1.054687500000000000e+00
-1.054687500000000000e+00
-1.054687500000000000e+00
-1.054687500000000000e+00
-1.054687500000000000e+00
-1.054687500000000000e+00
-1.054687500000000000e+00
-1.052734375000000000e+00
-1.049804687500000000e+00
-1.052734375000000000e+00
-1.052734375000000000e+00
-1.054687500000000000e+00
-1.054687500000000000e+00
-1.054687500000000000e+00
-1.054687500000000000e+00
-1.049804687500000000e+00
-1.049804687500000000e+00
-1.049804687500000000e+00
-1.052734375000000000e+00
-1.052734375000000000e+00
-1.052734375000000000e+00
-1.049804687500000000e+00
-1.049804687500000000e+00
-1.049804687500000000e+00
-1.052734375000000000e+00
-1.054687500000000000e+00
-1.054687500000000000e+00
-1.054687500000000000e+00
-1.052734375000000000e+00
-1.049804687500000000e+00
-1.049804687500000000e+00
-1.046875000000000000e+00
-1.049804687500000000e+00
-1.046875000000000000e+00
-1.046875000000000000e+00
-1.046875000000000000e+00
-1.044921875000000000e+00
-1.044921875000000000e+00
-1.046875000000000000e+00
-1.046875000000000000e+00
-1.046875000000000000e+00
-1.044921875000000000e+00
-1.044921875000000000e+00
-1.044921875000000000e+00
-1.044921875000000000e+00
-1.042968750000000000e+00
-1.046875000000000000e+00
-1.046875000000000000e+00
-1.046875000000000000e+00
-1.044921875000000000e+00
-1.046875000000000000e+00
-1.044921875000000000e+00
-1.042968750000000000e+00
-1.042968750000000000e+00
-1.042968750000000000e+00
-1.044921875000000000e+00
-1.044921875000000000e+00
-1.044921875000000000e+00
-1.046875000000000000e+00
-1.046875000000000000e+00
-1.044921875000000000e+00
-1.042968750000000000e+00
-1.044921875000000000e+00
-1.040039062500000000e+00
-1.042968750000000000e+00
-1.042968750000000000e+00
-1.042968750000000000e+00
-1.044921875000000000e+00
-1.044921875000000000e+00
-1.044921875000000000e+00
-1.040039062500000000e+00
-1.040039062500000000e+00
-1.042968750000000000e+00
-1.044921875000000000e+00
-1.040039062500000000e+00
-1.040039062500000000e+00
-1.035156250000000000e+00
-1.040039062500000000e+00
-1.040039062500000000e+00
-1.040039062500000000e+00
-1.040039062500000000e+00
-1.037109375000000000e+00
-1.040039062500000000e+00
-1.037109375000000000e+00
-1.037109375000000000e+00
-1.037109375000000000e+00
-1.040039062500000000e+00
-1.037109375000000000e+00
-1.035156250000000000e+00
-1.037109375000000000e+00
-1.037109375000000000e+00
-1.040039062500000000e+00
-1.037109375000000000e+00
-1.037109375000000000e+00
-1.037109375000000000e+00
-1.035156250000000000e+00
-1.035156250000000000e+00
-1.033203125000000000e+00
-1.033203125000000000e+00
-1.035156250000000000e+00
-1.035156250000000000e+00
-1.035156250000000000e+00
-1.037109375000000000e+00
-1.035156250000000000e+00
-1.035156250000000000e+00
-1.035156250000000000e+00
-1.037109375000000000e+00
-1.035156250000000000e+00
-1.035156250000000000e+00
-1.037109375000000000e+00
-1.035156250000000000e+00
-1.035156250000000000e+00
-1.035156250000000000e+00
-1.033203125000000000e+00
-1.033203125000000000e+00
-1.033203125000000000e+00
-1.033203125000000000e+00
-1.035156250000000000e+00
-1.033203125000000000e+00
-1.030273437500000000e+00
-1.027343750000000000e+00
-1.030273437500000000e+00
-1.033203125000000000e+00
-1.033203125000000000e+00
-1.033203125000000000e+00
-1.033203125000000000e+00
-1.033203125000000000e+00
-1.030273437500000000e+00
-1.030273437500000000e+00
-1.027343750000000000e+00
-1.027343750000000000e+00
-1.030273437500000000e+00
-1.030273437500000000e+00
-1.030273437500000000e+00
-1.027343750000000000e+00
-1.027343750000000000e+00
-1.025390625000000000e+00
-1.027343750000000000e+00
-1.033203125000000000e+00
-1.033203125000000000e+00
-1.030273437500000000e+00
-1.027343750000000000e+00
-1.025390625000000000e+00
-1.027343750000000000e+00
-1.025390625000000000e+00
-1.025390625000000000e+00
-1.027343750000000000e+00
-1.027343750000000000e+00
-1.030273437500000000e+00
-1.027343750000000000e+00
-1.025390625000000000e+00
-1.025390625000000000e+00
-1.025390625000000000e+00
-1.025390625000000000e+00
-1.027343750000000000e+00
-1.027343750000000000e+00
-1.025390625000000000e+00
-1.023437500000000000e+00
-1.023437500000000000e+00
-1.025390625000000000e+00
-1.027343750000000000e+00
-1.027343750000000000e+00
-1.027343750000000000e+00
-1.025390625000000000e+00
-1.025390625000000000e+00
-1.023437500000000000e+00
-1.020507812500000000e+00
-1.020507812500000000e+00
-1.023437500000000000e+00
-1.025390625000000000e+00
-1.023437500000000000e+00
-1.023437500000000000e+00
-1.023437500000000000e+00
-1.023437500000000000e+00
-1.020507812500000000e+00
-1.023437500000000000e+00
-1.023437500000000000e+00
-1.020507812500000000e+00
-1.020507812500000000e+00
-1.020507812500000000e+00
-1.020507812500000000e+00
-1.017578125000000000e+00
-1.017578125000000000e+00
-1.017578125000000000e+00
-1.020507812500000000e+00
-1.023437500000000000e+00
-1.020507812500000000e+00
-1.020507812500000000e+00
-1.017578125000000000e+00
-1.020507812500000000e+00
-1.017578125000000000e+00
-1.017578125000000000e+00
-1.017578125000000000e+00
-1.020507812500000000e+00
-1.020507812500000000e+00
-1.020507812500000000e+00
-1.015625000000000000e+00
-1.017578125000000000e+00
-1.020507812500000000e+00
-1.017578125000000000e+00
-1.017578125000000000e+00
-1.015625000000000000e+00
-1.013671875000000000e+00
-1.017578125000000000e+00
-1.017578125000000000e+00
-1.020507812500000000e+00
-1.020507812500000000e+00
-1.017578125000000000e+00
-1.015625000000000000e+00
-1.013671875000000000e+00
-1.010742187500000000e+00
-1.010742187500000000e+00
-1.010742187500000000e+00
-1.015625000000000000e+00
-1.017578125000000000e+00
-1.017578125000000000e+00
-1.013671875000000000e+00
-1.013671875000000000e+00
-1.013671875000000000e+00
-1.015625000000000000e+00
-1.013671875000000000e+00
-1.010742187500000000e+00
-1.010742187500000000e+00
-1.010742187500000000e+00
-1.010742187500000000e+00
-1.013671875000000000e+00
-1.013671875000000000e+00
-1.010742187500000000e+00
-1.010742187500000000e+00
-1.010742187500000000e+00
-1.010742187500000000e+00
-1.007812500000000000e+00
-1.007812500000000000e+00
-1.010742187500000000e+00
-1.010742187500000000e+00
-1.010742187500000000e+00
-1.007812500000000000e+00
-1.010742187500000000e+00
-1.010742187500000000e+00
-1.010742187500000000e+00
-1.005859375000000000e+00
-1.005859375000000000e+00
-1.005859375000000000e+00
-1.007812500000000000e+00
-1.007812500000000000e+00
-1.005859375000000000e+00
-1.005859375000000000e+00
-1.005859375000000000e+00
-1.005859375000000000e+00
-1.005859375000000000e+00
-1.007812500000000000e+00
-1.007812500000000000e+00
-1.007812500000000000e+00
-1.005859375000000000e+00
-1.003906250000000000e+00
-1.003906250000000000e+00
-1.000976562500000000e+00
-1.003906250000000000e+00
-1.005859375000000000e+00
-1.005859375000000000e+00
-1.003906250000000000e+00
-1.005859375000000000e+00
-1.007812500000000000e+00
-1.005859375000000000e+00
-1.003906250000000000e+00
-1.003906250000000000e+00
-1.003906250000000000e+00
-1.003906250000000000e+00
-1.005859375000000000e+00
-1.003906250000000000e+00
-1.003906250000000000e+00
-1.003906250000000000e+00
-1.003906250000000000e+00
-1.003906250000000000e+00
-1.000976562500000000e+00
-1.000976562500000000e+00
-1.000976562500000000e+00
-1.003906250000000000e+00
-1.003906250000000000e+00
-1.000976562500000000e+00
-1.000976562500000000e+00
-9.985351562500000000e-01
-9.960937500000000000e-01
-1.000976562500000000e+00
-1.000976562500000000e+00
-9.985351562500000000e-01
-1.000976562500000000e+00
-1.000976562500000000e+00
-9.960937500000000000e-01
-9.960937500000000000e-01
-9.960937500000000000e-01
-9.985351562500000000e-01
-1.000976562500000000e+00
-1.000976562500000000e+00
-9.960937500000000000e-01
-9.960937500000000000e-01
-9.960937500000000000e-01
-9.960937500000000000e-01
-9.985351562500000000e-01
-9.936523437500000000e-01
-9.936523437500000000e-01
-9.936523437500000000e-01
-9.912109375000000000e-01
-9.912109375000000000e-01
-9.936523437500000000e-01
-9.936523437500000000e-01
-9.936523437500000000e-01
-9.936523437500000000e-01
-9.912109375000000000e-01
-9.936523437500000000e-01
-9.936523437500000000e-01
-9.936523437500000000e-01
-9.936523437500000000e-01
-9.936523437500000000e-01
-9.912109375000000000e-01
-9.912109375000000000e-01
-9.912109375000000000e-01
-9.912109375000000000e-01
-9.936523437500000000e-01
-9.912109375000000000e-01
-9.887695312500000000e-01
-9.887695312500000000e-01
-9.863281250000000000e-01
-9.838867187500000000e-01
-9.863281250000000000e-01
-9.887695312500000000e-01
-9.887695312500000000e-01
-9.887695312500000000e-01
-9.887695312500000000e-01
-9.863281250000000000e-01
-9.863281250000000000e-01
-9.863281250000000000e-01
-9.887695312500000000e-01
-9.863281250000000000e-01
-9.838867187500000000e-01
-9.838867187500000000e-01
-9.863281250000000000e-01
-9.863281250000000000e-01
-9.887695312500000000e-01
-9.863281250000000000e-01
-9.863281250000000000e-01
-9.863281250000000000e-01
-9.863281250000000000e-01
-9.863281250000000000e-01
-9.814453125000000000e-01
-9.838867187500000000e-01
-9.838867187500000000e-01
-9.838867187500000000e-01
-9.863281250000000000e-01
-9.863281250000000000e-01
-9.863281250000000000e-01
-9.863281250000000000e-01
-9.814453125000000000e-01
-9.838867187500000000e-01
-9.863281250000000000e-01
-9.838867187500000000e-01
-9.838867187500000000e-01
-9.790039062500000000e-01
-9.790039062500000000e-01
-9.814453125000000000e-01
-9.814453125000000000e-01
-9.814453125000000000e-01
-9.765625000000000000e-01
-9.790039062500000000e-01
-9.814453125000000000e-01
-9.790039062500000000e-01
-9.790039062500000000e-01
-9.765625000000000000e-01
-9.814453125000000000e-01
-9.790039062500000000e-01
-9.814453125000000000e-01
-9.790039062500000000e-01
-9.790039062500000000e-01
-9.765625000000000000e-01
-9.790039062500000000e-01
-9.790039062500000000e-01
-9.790039062500000000e-01
-9.790039062500000000e-01
-9.790039062500000000e-01
-9.765625000000000000e-01
-9.765625000000000000e-01
-9.765625000000000000e-01
-9.765625000000000000e-01
-9.790039062500000000e-01
-9.790039062500000000e-01
-9.790039062500000000e-01
-9.765625000000000000e-01
-9.741210937500000000e-01
-9.741210937500000000e-01
-9.741210937500000000e-01
-9.716796875000000000e-01
-9.692382812500000000e-01
-9.692382812500000000e-01
-9.716796875000000000e-01
-9.716796875000000000e-01
-9.716796875000000000e-01
-9.716796875000000000e-01
-9.692382812500000000e-01
-9.692382812500000000e-01
-9.692382812500000000e-01
-9.716796875000000000e-01
-9.716796875000000000e-01
-9.692382812500000000e-01
-9.692382812500000000e-01
-9.716796875000000000e-01
-9.716796875000000000e-01
-9.692382812500000000e-01
-9.692382812500000000e-01
-9.692382812500000000e-01
-9.716796875000000000e-01
-9.692382812500000000e-01
-9.667968750000000000e-01
-9.667968750000000000e-01
-9.667968750000000000e-01
-9.692382812500000000e-01
-9.667968750000000000e-01
-9.692382812500000000e-01
-9.692382812500000000e-01
-9.667968750000000000e-01
-9.667968750000000000e-01
-9.643554687500000000e-01
-9.667968750000000000e-01
-9.667968750000000000e-01
-9.692382812500000000e-01
-9.667968750000000000e-01
-9.667968750000000000e-01
-9.643554687500000000e-01
-9.667968750000000000e-01
-9.667968750000000000e-01
-9.667968750000000000e-01
-9.643554687500000000e-01
-9.619140625000000000e-01
-9.643554687500000000e-01
-9.619140625000000000e-01
-9.594726562500000000e-01
-9.594726562500000000e-01
-9.570312500000000000e-01
-9.594726562500000000e-01
-9.619140625000000000e-01
-9.619140625000000000e-01
-9.619140625000000000e-01
-9.619140625000000000e-01
-9.619140625000000000e-01
-9.619140625000000000e-01
-9.619140625000000000e-01
-9.594726562500000000e-01
-9.570312500000000000e-01
-9.570312500000000000e-01
-9.594726562500000000e-01
-9.594726562500000000e-01
-9.594726562500000000e-01
-9.570312500000000000e-01
-9.570312500000000000e-01
-9.545898437500000000e-01
-9.521484375000000000e-01
-9.545898437500000000e-01
-9.570312500000000000e-01
-9.545898437500000000e-01
-9.545898437500000000e-01
-9.521484375000000000e-01
-9.545898437500000000e-01
-9.545898437500000000e-01
-9.521484375000000000e-01
-9.521484375000000000e-01
-9.521484375000000000e-01
-9.521484375000000000e-01
-9.521484375000000000e-01
-9.545898437500000000e-01
-9.521484375000000000e-01
-9.497070312500000000e-01
-9.497070312500000000e-01
-9.497070312500000000e-01
-9.497070312500000000e-01
-9.545898437500000000e-01
-9.521484375000000000e-01
-9.521484375000000000e-01
-9.497070312500000000e-01
-9.497070312500000000e-01
-9.472656250000000000e-01
-9.497070312500000000e-01
-9.448242187500000000e-01
-9.472656250000000000e-01
-9.472656250000000000e-01
-9.472656250000000000e-01
-9.448242187500000000e-01
-9.448242187500000000e-01
-9.472656250000000000e-01
-9.472656250000000000e-01
-9.497070312500000000e-01
-9.448242187500000000e-01
-9.448242187500000000e-01
-9.448242187500000000e-01
-9.448242187500000000e-01
-9.448242187500000000e-01
-9.448242187500000000e-01
-9.448242187500000000e-01
-9.448242187500000000e-01
-9.472656250000000000e-01
-9.472656250000000000e-01
-9.423828125000000000e-01
-9.423828125000000000e-01
-9.423828125000000000e-01
-9.399414062500000000e-01
-9.399414062500000000e-01
-9.423828125000000000e-01
-9.423828125000000000e-01
-9.472656250000000000e-01
-9.423828125000000000e-01
-9.423828125000000000e-01
-9.399414062500000000e-01
-9.423828125000000000e-01
-9.399414062500000000e-01
-9.399414062500000000e-01
-9.375000000000000000e-01
-9.375000000000000000e-01
-9.375000000000000000e-01
-9.399414062500000000e-01
-9.399414062500000000e-01
-9.350585937500000000e-01
-9.375000000000000000e-01
-9.375000000000000000e-01
-9.375000000000000000e-01
-9.375000000000000000e-01
-9.350585937500000000e-01
-9.350585937500000000e-01
-9.326171875000000000e-01
-9.350585937500000000e-01
-9.375000000000000000e-01
-9.375000000000000000e-01
-9.399414062500000000e-01
-9.375000000000000000e-01
-9.375000000000000000e-01
-9.350585937500000000e-01
-9.350585937500000000e-01
-9.350585937500000000e-01
-9.375000000000000000e-01
-9.375000000000000000e-01
-9.350585937500000000e-01
-9.326171875000000000e-01
-9.326171875000000000e-01
-9.326171875000000000e-01
-9.326171875000000000e-01
-9.326171875000000000e-01
-9.326171875000000000e-01
-9.301757812500000000e-01
-9.301757812500000000e-01
-9.301757812500000000e-01
-9.277343750000000000e-01
-9.301757812500000000e-01
-9.277343750000000000e-01
-9.277343750000000000e-01
-9.301757812500000000e-01
-9.301757812500000000e-01
-9.277343750000000000e-01
-9.277343750000000000e-01
-9.277343750000000000e-01
-9.252929687500000000e-01
-9.252929687500000000e-01
-9.252929687500000000e-01
-9.277343750000000000e-01
-9.277343750000000000e-01
-9.252929687500000000e-01
-9.228515625000000000e-01
-9.228515625000000000e-01
-9.252929687500000000e-01
-9.252929687500000000e-01
-9.228515625000000000e-01
-9.228515625000000000e-01
-9.228515625000000000e-01
-9.228515625000000000e-01
-9.228515625000000000e-01
-9.204101562500000000e-01
-9.204101562500000000e-01
-9.228515625000000000e-01
-9.228515625000000000e-01
-9.204101562500000000e-01
-9.252929687500000000e-01
-9.252929687500000000e-01
-9.204101562500000000e-01
-9.228515625000000000e-01
-9.204101562500000000e-01
-9.204101562500000000e-01
-9.228515625000000000e-01
-9.179687500000000000e-01
-9.179687500000000000e-01
-9.179687500000000000e-01
-9.155273437500000000e-01
-9.179687500000000000e-01
-9.179687500000000000e-01
-9.179687500000000000e-01
-9.155273437500000000e-01
-9.130859375000000000e-01
-9.130859375000000000e-01
-9.130859375000000000e-01
-9.155273437500000000e-01
-9.179687500000000000e-01
-9.179687500000000000e-01
-9.179687500000000000e-01
-9.155273437500000000e-01
-9.130859375000000000e-01
-9.130859375000000000e-01
-9.155273437500000000e-01
-9.155273437500000000e-01
-9.179687500000000000e-01
-9.155273437500000000e-01
-9.130859375000000000e-01
-9.106445312500000000e-01
-9.106445312500000000e-01
-9.130859375000000000e-01
-9.155273437500000000e-01
-9.155273437500000000e-01
-9.130859375000000000e-01
-9.106445312500000000e-01
-9.082031250000000000e-01
-9.057617187500000000e-01
-9.057617187500000000e-01
-9.057617187500000000e-01
-9.082031250000000000e-01
-9.082031250000000000e-01
-9.106445312500000000e-01
-9.106445312500000000e-01
-9.106445312500000000e-01
-9.082031250000000000e-01
-9.057617187500000000e-01
-9.057617187500000000e-01
-9.033203125000000000e-01
-9.057617187500000000e-01
-9.057617187500000000e-01
-9.057617187500000000e-01
-9.082031250000000000e-01
-9.057617187500000000e-01
-9.057617187500000000e-01
-9.057617187500000000e-01
-9.057617187500000000e-01
-9.057617187500000000e-01
-9.033203125000000000e-01
-9.008789062500000000e-01
-9.033203125000000000e-01
-9.033203125000000000e-01
-9.033203125000000000e-01
-9.057617187500000000e-01
-9.057617187500000000e-01
-9.057617187500000000e-01
-9.033203125000000000e-01
-9.008789062500000000e-01
-9.008789062500000000e-01
-9.033203125000000000e-01
-9.033203125000000000e-01
-8.984375000000000000e-01
-8.984375000000000000e-01
-8.959960937500000000e-01
-8.984375000000000000e-01
-8.984375000000000000e-01
-9.008789062500000000e-01
-9.008789062500000000e-01
-8.984375000000000000e-01
-8.984375000000000000e-01
-8.984375000000000000e-01
-8.959960937500000000e-01
-8.959960937500000000e-01
-8.959960937500000000e-01
-8.959960937500000000e-01
-8.959960937500000000e-01
-8.959960937500000000e-01
-8.959960937500000000e-01
-8.959960937500000000e-01
-8.959960937500000000e-01
-8.959960937500000000e-01
-8.959960937500000000e-01
-8.935546875000000000e-01
-8.935546875000000000e-01
-8.911132812500000000e-01
-8.911132812500000000e-01
-8.935546875000000000e-01
-8.935546875000000000e-01
-8.935546875000000000e-01
-8.911132812500000000e-01
-8.886718750000000000e-01
-8.886718750000000000e-01
-8.911132812500000000e-01
-8.935546875000000000e-01
-8.935546875000000000e-01
-8.935546875000000000e-01
-8.886718750000000000e-01
-8.886718750000000000e-01
-8.862304687500000000e-01
-8.886718750000000000e-01
-8.911132812500000000e-01
-8.911132812500000000e-01
-8.911132812500000000e-01
-8.886718750000000000e-01
-8.886718750000000000e-01
-8.911132812500000000e-01
-8.886718750000000000e-01
-8.886718750000000000e-01
-8.862304687500000000e-01
-8.886718750000000000e-01
-8.862304687500000000e-01
-8.886718750000000000e-01
-8.862304687500000000e-01
-8.886718750000000000e-01
-8.886718750000000000e-01
-8.862304687500000000e-01
-8.837890625000000000e-01
-8.862304687500000000e-01
-8.813476562500000000e-01
-8.837890625000000000e-01
-8.837890625000000000e-01
-8.837890625000000000e-01
-8.837890625000000000e-01
-8.862304687500000000e-01
-8.813476562500000000e-01
-8.813476562500000000e-01
-8.813476562500000000e-01
-8.837890625000000000e-01
-8.837890625000000000e-01
-8.837890625000000000e-01
-8.837890625000000000e-01
-8.813476562500000000e-01
-8.813476562500000000e-01
-8.789062500000000000e-01
-8.789062500000000000e-01
-8.813476562500000000e-01
-8.813476562500000000e-01
-8.813476562500000000e-01
-8.789062500000000000e-01
-8.789062500000000000e-01
-8.813476562500000000e-01
-8.789062500000000000e-01
-8.789062500000000000e-01
-8.764648437500000000e-01
-8.764648437500000000e-01
-8.764648437500000000e-01
-8.789062500000000000e-01
-8.789062500000000000e-01
-8.789062500000000000e-01
-8.789062500000000000e-01
-8.789062500000000000e-01
-8.740234375000000000e-01
-8.715820312500000000e-01
-8.715820312500000000e-01
-8.740234375000000000e-01
-8.740234375000000000e-01
-8.764648437500000000e-01
-8.715820312500000000e-01
-8.740234375000000000e-01
-8.740234375000000000e-01
-8.715820312500000000e-01
-8.715820312500000000e-01
-8.740234375000000000e-01
-8.740234375000000000e-01
-8.715820312500000000e-01
-8.715820312500000000e-01
-8.715820312500000000e-01
-8.740234375000000000e-01
-8.740234375000000000e-01
-8.715820312500000000e-01
-8.715820312500000000e-01
-8.715820312500000000e-01
-8.715820312500000000e-01
-8.715820312500000000e-01
-8.715820312500000000e-01
-8.715820312500000000e-01
-8.691406250000000000e-01
-8.691406250000000000e-01
-8.666992187500000000e-01
-8.691406250000000000e-01
-8.691406250000000000e-01
-8.715820312500000000e-01
-8.715820312500000000e-01
-8.666992187500000000e-01
-8.666992187500000000e-01
-8.666992187500000000e-01
-8.642578125000000000e-01
-8.642578125000000000e-01
-8.642578125000000000e-01
-8.618164062500000000e-01
-8.666992187500000000e-01
-8.666992187500000000e-01
-8.642578125000000000e-01
-8.642578125000000000e-01
-8.642578125000000000e-01
-8.618164062500000000e-01
-8.642578125000000000e-01
-8.642578125000000000e-01
-8.666992187500000000e-01
-8.666992187500000000e-01
-8.618164062500000000e-01
-8.618164062500000000e-01
-8.618164062500000000e-01
-8.618164062500000000e-01
-8.618164062500000000e-01
-8.618164062500000000e-01
-8.618164062500000000e-01
-8.618164062500000000e-01
-8.618164062500000000e-01
-8.593750000000000000e-01
-8.593750000000000000e-01
-8.544921875000000000e-01
-8.544921875000000000e-01
-8.569335937500000000e-01
-8.569335937500000000e-01
-8.618164062500000000e-01
-8.593750000000000000e-01
-8.618164062500000000e-01
-8.569335937500000000e-01
-8.569335937500000000e-01
-8.544921875000000000e-01
-8.544921875000000000e-01
-8.569335937500000000e-01
-8.544921875000000000e-01
-8.569335937500000000e-01
-8.544921875000000000e-01
-8.544921875000000000e-01
-8.544921875000000000e-01
-8.544921875000000000e-01
-8.544921875000000000e-01
-8.520507812500000000e-01
-8.520507812500000000e-01
-8.544921875000000000e-01
-8.544921875000000000e-01
-8.544921875000000000e-01
-8.496093750000000000e-01
-8.496093750000000000e-01
-8.496093750000000000e-01
-8.496093750000000000e-01
-8.496093750000000000e-01
-8.496093750000000000e-01
-8.520507812500000000e-01
-8.496093750000000000e-01
-8.447265625000000000e-01
-8.471679687500000000e-01
-8.496093750000000000e-01
-8.496093750000000000e-01
-8.496093750000000000e-01
-8.496093750000000000e-01
-8.447265625000000000e-01
-8.496093750000000000e-01
-8.496093750000000000e-01
-8.471679687500000000e-01
-8.447265625000000000e-01
-8.471679687500000000e-01
-8.471679687500000000e-01
-8.471679687500000000e-01
-8.471679687500000000e-01
-8.496093750000000000e-01
-8.496093750000000000e-01
-8.496093750000000000e-01
-8.471679687500000000e-01
-8.471679687500000000e-01
-8.447265625000000000e-01
-8.447265625000000000e-01
-8.447265625000000000e-01
-8.447265625000000000e-01
-8.447265625000000000e-01
-8.447265625000000000e-01
-8.398437500000000000e-01
-8.422851562500000000e-01
-8.398437500000000000e-01
-8.422851562500000000e-01
-8.398437500000000000e-01
-8.398437500000000000e-01
-8.398437500000000000e-01
-8.374023437500000000e-01
-8.398437500000000000e-01
-8.398437500000000000e-01
-8.398437500000000000e-01
-8.398437500000000000e-01
-8.398437500000000000e-01
-8.422851562500000000e-01
-8.398437500000000000e-01
-8.374023437500000000e-01
-8.398437500000000000e-01
-8.398437500000000000e-01
-8.398437500000000000e-01
-8.374023437500000000e-01
-8.398437500000000000e-01
-8.374023437500000000e-01
-8.349609375000000000e-01
-8.325195312500000000e-01
-8.349609375000000000e-01
-8.349609375000000000e-01
-8.374023437500000000e-01
-8.349609375000000000e-01
-8.325195312500000000e-01
-8.325195312500000000e-01
-8.325195312500000000e-01
-8.300781250000000000e-01
-8.276367187500000000e-01
-8.300781250000000000e-01
-8.325195312500000000e-01
-8.325195312500000000e-01
-8.349609375000000000e-01
-8.349609375000000000e-01
-8.325195312500000000e-01
-8.300781250000000000e-01
-8.300781250000000000e-01
-8.300781250000000000e-01
-8.300781250000000000e-01
-8.300781250000000000e-01
-8.300781250000000000e-01
-8.325195312500000000e-01
-8.300781250000000000e-01
-8.325195312500000000e-01
-8.300781250000000000e-01
-8.300781250000000000e-01
-8.276367187500000000e-01
-8.276367187500000000e-01
-8.300781250000000000e-01
-8.300781250000000000e-01
-8.300781250000000000e-01
-8.276367187500000000e-01
-8.251953125000000000e-01
-8.251953125000000000e-01
-8.251953125000000000e-01
-8.251953125000000000e-01
-8.251953125000000000e-01
-8.251953125000000000e-01
-8.251953125000000000e-01
-8.227539062500000000e-01
-8.251953125000000000e-01
-8.227539062500000000e-01
-8.203125000000000000e-01
-8.227539062500000000e-01
-8.227539062500000000e-01
-8.227539062500000000e-01
-8.227539062500000000e-01
-8.203125000000000000e-01
-8.203125000000000000e-01
-8.203125000000000000e-01
-8.227539062500000000e-01
-8.203125000000000000e-01
-8.203125000000000000e-01
-8.178710937500000000e-01
-8.178710937500000000e-01
-8.203125000000000000e-01
-8.227539062500000000e-01
-8.227539062500000000e-01
-8.203125000000000000e-01
-8.178710937500000000e-01
-8.203125000000000000e-01
-8.203125000000000000e-01
-8.178710937500000000e-01
-8.154296875000000000e-01
-8.154296875000000000e-01
-8.154296875000000000e-01
-8.154296875000000000e-01
-8.154296875000000000e-01
-8.154296875000000000e-01
-8.178710937500000000e-01
-8.178710937500000000e-01
-8.154296875000000000e-01
-8.129882812500000000e-01
-8.129882812500000000e-01
-8.105468750000000000e-01
-8.129882812500000000e-01
-8.129882812500000000e-01
-8.154296875000000000e-01
-8.154296875000000000e-01
-8.154296875000000000e-01
-8.154296875000000000e-01
-8.129882812500000000e-01
-8.105468750000000000e-01
-8.129882812500000000e-01
-8.129882812500000000e-01
-8.129882812500000000e-01
-8.154296875000000000e-01
-8.105468750000000000e-01
-8.129882812500000000e-01
-8.129882812500000000e-01
-8.105468750000000000e-01
-8.105468750000000000e-01
-8.081054687500000000e-01
-8.081054687500000000e-01
-8.056640625000000000e-01
-8.081054687500000000e-01
-8.032226562500000000e-01
-8.032226562500000000e-01
-8.056640625000000000e-01
-8.081054687500000000e-01
-8.056640625000000000e-01
-8.081054687500000000e-01
-8.081054687500000000e-01
-8.056640625000000000e-01
-8.056640625000000000e-01
-8.032226562500000000e-01
-8.056640625000000000e-01
-8.032226562500000000e-01
-8.056640625000000000e-01
-8.056640625000000000e-01
-8.056640625000000000e-01
-8.032226562500000000e-01
-7.983398437500000000e-01
-8.007812500000000000e-01
-8.007812500000000000e-01
-7.983398437500000000e-01
-8.007812500000000000e-01
-8.007812500000000000e-01
-8.032226562500000000e-01
-8.007812500000000000e-01
-8.007812500000000000e-01
-7.983398437500000000e-01
-7.983398437500000000e-01
-8.007812500000000000e-01
-7.983398437500000000e-01
-8.007812500000000000e-01
-7.983398437500000000e-01
-7.983398437500000000e-01
-7.983398437500000000e-01
-8.007812500000000000e-01
-8.007812500000000000e-01
-8.007812500000000000e-01
-7.983398437500000000e-01
-7.958984375000000000e-01
-7.958984375000000000e-01
-7.934570312500000000e-01
-7.934570312500000000e-01
-7.983398437500000000e-01
-7.958984375000000000e-01
-7.958984375000000000e-01
-7.934570312500000000e-01
-7.910156250000000000e-01
-7.910156250000000000e-01
-7.910156250000000000e-01
-7.910156250000000000e-01
-7.934570312500000000e-01
-7.934570312500000000e-01
-7.910156250000000000e-01
-7.910156250000000000e-01
-7.910156250000000000e-01
-7.910156250000000000e-01
-7.934570312500000000e-01
-7.934570312500000000e-01
-7.934570312500000000e-01
-7.910156250000000000e-01
-7.910156250000000000e-01
-7.885742187500000000e-01
-7.885742187500000000e-01
-7.910156250000000000e-01
-7.910156250000000000e-01
-7.910156250000000000e-01
-7.934570312500000000e-01
-7.910156250000000000e-01
-7.885742187500000000e-01
-7.836914062500000000e-01
-7.836914062500000000e-01
-7.812500000000000000e-01
-7.836914062500000000e-01
-7.861328125000000000e-01
-7.836914062500000000e-01
-7.885742187500000000e-01
-7.861328125000000000e-01
-7.861328125000000000e-01
-7.836914062500000000e-01
-7.812500000000000000e-01
-7.812500000000000000e-01
-7.812500000000000000e-01
-7.836914062500000000e-01
-7.836914062500000000e-01
-7.836914062500000000e-01
-7.812500000000000000e-01
-7.812500000000000000e-01
-7.788085937500000000e-01
-7.836914062500000000e-01
-7.812500000000000000e-01
-7.788085937500000000e-01
-7.788085937500000000e-01
-7.788085937500000000e-01
-7.788085937500000000e-01
-7.788085937500000000e-01
-7.788085937500000000e-01
-7.788085937500000000e-01
-7.812500000000000000e-01
-7.788085937500000000e-01
-7.788085937500000000e-01
-7.763671875000000000e-01
-7.763671875000000000e-01
-7.763671875000000000e-01
-7.763671875000000000e-01
-7.763671875000000000e-01
-7.788085937500000000e-01
-7.763671875000000000e-01
-7.763671875000000000e-01
-7.739257812500000000e-01
-7.714843750000000000e-01
-7.763671875000000000e-01
-7.714843750000000000e-01
-7.739257812500000000e-01
-7.739257812500000000e-01
-7.739257812500000000e-01
-7.714843750000000000e-01
-7.690429687500000000e-01
-7.714843750000000000e-01
-7.739257812500000000e-01
-7.739257812500000000e-01
-7.739257812500000000e-01
-7.739257812500000000e-01
-7.714843750000000000e-01
-7.690429687500000000e-01
-7.690429687500000000e-01
-7.690429687500000000e-01
-7.690429687500000000e-01
-7.690429687500000000e-01
-7.690429687500000000e-01
-7.714843750000000000e-01
-7.690429687500000000e-01
-7.690429687500000000e-01
-7.690429687500000000e-01
-7.690429687500000000e-01
-7.666015625000000000e-01
-7.690429687500000000e-01
-7.690429687500000000e-01
-7.666015625000000000e-01
-7.641601562500000000e-01
-7.666015625000000000e-01
-7.666015625000000000e-01
-7.666015625000000000e-01
-7.666015625000000000e-01
-7.641601562500000000e-01
-7.666015625000000000e-01
-7.641601562500000000e-01
-7.641601562500000000e-01
-7.666015625000000000e-01
-7.666015625000000000e-01
-7.666015625000000000e-01
-7.690429687500000000e-01
-7.666015625000000000e-01
-7.641601562500000000e-01
-7.617187500000000000e-01
-7.519531250000000000e-01
-7.519531250000000000e-01
-7.543945312500000000e-01
-7.592773437500000000e-01
-7.568359375000000000e-01
-7.568359375000000000e-01
-7.568359375000000000e-01
-7.543945312500000000e-01
-7.543945312500000000e-01
-7.568359375000000000e-01
-7.568359375000000000e-01
-7.617187500000000000e-01
-7.617187500000000000e-01
-7.592773437500000000e-01
-7.568359375000000000e-01
-7.592773437500000000e-01
-7.592773437500000000e-01
-7.568359375000000000e-01
-7.592773437500000000e-01
-7.568359375000000000e-01
-7.592773437500000000e-01
-7.592773437500000000e-01
-7.592773437500000000e-01
-7.592773437500000000e-01
-7.617187500000000000e-01
-7.641601562500000000e-01
-7.617187500000000000e-01
-7.617187500000000000e-01
-7.617187500000000000e-01
-7.592773437500000000e-01
-7.592773437500000000e-01
-7.568359375000000000e-01
-7.592773437500000000e-01
-7.592773437500000000e-01
-7.592773437500000000e-01
-7.568359375000000000e-01
-7.543945312500000000e-01
-7.519531250000000000e-01
-7.519531250000000000e-01
-7.519531250000000000e-01
-7.519531250000000000e-01
-7.543945312500000000e-01
-7.519531250000000000e-01
-7.519531250000000000e-01
-7.519531250000000000e-01
-7.495117187500000000e-01
-7.495117187500000000e-01
-7.495117187500000000e-01
-7.495117187500000000e-01
-7.519531250000000000e-01
-7.495117187500000000e-01
-7.495117187500000000e-01
-7.470703125000000000e-01
-7.519531250000000000e-01
-7.495117187500000000e-01
-7.495117187500000000e-01
-7.495117187500000000e-01
-7.495117187500000000e-01
-7.470703125000000000e-01
-7.446289062500000000e-01
-7.421875000000000000e-01
-7.446289062500000000e-01
-7.470703125000000000e-01
-7.470703125000000000e-01
-7.470703125000000000e-01
-7.470703125000000000e-01
-7.446289062500000000e-01
-7.421875000000000000e-01
-7.421875000000000000e-01
-7.421875000000000000e-01
-7.446289062500000000e-01
-7.421875000000000000e-01
-7.421875000000000000e-01
-7.446289062500000000e-01
-7.446289062500000000e-01
-7.421875000000000000e-01
-7.397460937500000000e-01
-7.397460937500000000e-01
-7.397460937500000000e-01
-7.446289062500000000e-01
-7.446289062500000000e-01
-7.446289062500000000e-01
-7.446289062500000000e-01
-7.446289062500000000e-01
-7.397460937500000000e-01
-7.397460937500000000e-01
-7.373046875000000000e-01
-7.373046875000000000e-01
-7.397460937500000000e-01
-7.421875000000000000e-01
-7.397460937500000000e-01
-7.348632812500000000e-01
-7.397460937500000000e-01
-7.421875000000000000e-01
-7.421875000000000000e-01
-7.397460937500000000e-01
-7.373046875000000000e-01
-7.397460937500000000e-01
-7.373046875000000000e-01
-7.373046875000000000e-01
-7.348632812500000000e-01
-7.373046875000000000e-01
-7.373046875000000000e-01
-7.373046875000000000e-01
-7.348632812500000000e-01
-7.324218750000000000e-01
-7.324218750000000000e-01
-7.299804687500000000e-01
-7.348632812500000000e-01
-7.348632812500000000e-01
-7.348632812500000000e-01
-7.348632812500000000e-01
-7.324218750000000000e-01
-7.299804687500000000e-01
-7.324218750000000000e-01
-7.324218750000000000e-01
-7.299804687500000000e-01
-7.299804687500000000e-01
-7.324218750000000000e-01
-7.324218750000000000e-01
-7.275390625000000000e-01
-7.275390625000000000e-01
-7.275390625000000000e-01
-7.275390625000000000e-01
-7.275390625000000000e-01
-7.250976562500000000e-01
-7.275390625000000000e-01
-7.275390625000000000e-01
-7.275390625000000000e-01
-7.275390625000000000e-01
-7.250976562500000000e-01
-7.250976562500000000e-01
-7.275390625000000000e-01
-7.275390625000000000e-01
-7.250976562500000000e-01
-7.250976562500000000e-01
-7.275390625000000000e-01
-7.250976562500000000e-01
-7.226562500000000000e-01
-7.226562500000000000e-01
-7.202148437500000000e-01
-7.202148437500000000e-01
-7.202148437500000000e-01
-7.202148437500000000e-01
-7.177734375000000000e-01
-7.202148437500000000e-01
-7.202148437500000000e-01
-7.226562500000000000e-01
-7.202148437500000000e-01
-7.177734375000000000e-01
-7.202148437500000000e-01
-7.202148437500000000e-01
-7.177734375000000000e-01
-7.177734375000000000e-01
-7.177734375000000000e-01
-7.177734375000000000e-01
-7.177734375000000000e-01
-7.153320312500000000e-01
-7.177734375000000000e-01
-7.177734375000000000e-01
-7.202148437500000000e-01
-7.153320312500000000e-01
-7.177734375000000000e-01
-7.153320312500000000e-01
-7.128906250000000000e-01
-7.153320312500000000e-01
-7.153320312500000000e-01
-7.153320312500000000e-01
-7.153320312500000000e-01
-7.128906250000000000e-01
-7.128906250000000000e-01
-7.104492187500000000e-01
-7.104492187500000000e-01
-7.080078125000000000e-01
-7.104492187500000000e-01
-7.104492187500000000e-01
-7.104492187500000000e-01
-7.128906250000000000e-01
-7.104492187500000000e-01
-7.104492187500000000e-01
-7.080078125000000000e-01
-7.055664062500000000e-01
-7.080078125000000000e-01
-7.080078125000000000e-01
-7.080078125000000000e-01
-7.055664062500000000e-01
-7.055664062500000000e-01
-7.055664062500000000e-01
-7.055664062500000000e-01
-7.055664062500000000e-01
-7.080078125000000000e-01
-7.055664062500000000e-01
-7.055664062500000000e-01
-7.031250000000000000e-01
-7.031250000000000000e-01
-7.031250000000000000e-01
-7.031250000000000000e-01
-7.031250000000000000e-01
-7.006835937500000000e-01
-7.031250000000000000e-01
-7.031250000000000000e-01
-7.031250000000000000e-01
-6.982421875000000000e-01
-6.982421875000000000e-01
-6.982421875000000000e-01
-6.982421875000000000e-01
-6.982421875000000000e-01
-6.958007812500000000e-01
-6.958007812500000000e-01
-6.958007812500000000e-01
-6.958007812500000000e-01
-6.958007812500000000e-01
-6.933593750000000000e-01
-6.933593750000000000e-01
-6.958007812500000000e-01
-6.958007812500000000e-01
-6.958007812500000000e-01
-6.933593750000000000e-01
-6.958007812500000000e-01
-6.933593750000000000e-01
-6.933593750000000000e-01
-6.933593750000000000e-01
-6.909179687500000000e-01
-6.884765625000000000e-01
-6.909179687500000000e-01
-6.909179687500000000e-01
-6.909179687500000000e-01
-6.884765625000000000e-01
-6.884765625000000000e-01
-6.884765625000000000e-01
-6.909179687500000000e-01
-6.884765625000000000e-01
-6.860351562500000000e-01
-6.860351562500000000e-01
-6.884765625000000000e-01
-6.884765625000000000e-01
-6.860351562500000000e-01
-6.860351562500000000e-01
-6.884765625000000000e-01
-6.884765625000000000e-01
-6.884765625000000000e-01
-6.884765625000000000e-01
-6.860351562500000000e-01
-6.835937500000000000e-01
-6.860351562500000000e-01
-6.860351562500000000e-01
-6.835937500000000000e-01
-6.811523437500000000e-01
-6.835937500000000000e-01
-6.835937500000000000e-01
-6.787109375000000000e-01
-6.787109375000000000e-01
-6.787109375000000000e-01
-6.811523437500000000e-01
-6.811523437500000000e-01
-6.811523437500000000e-01
-6.811523437500000000e-01
-6.787109375000000000e-01
-6.787109375000000000e-01
-6.762695312500000000e-01
-6.787109375000000000e-01
-6.787109375000000000e-01
-6.811523437500000000e-01
-6.811523437500000000e-01
-6.787109375000000000e-01
-6.762695312500000000e-01
-6.762695312500000000e-01
-6.787109375000000000e-01
-6.787109375000000000e-01
-6.787109375000000000e-01
-6.787109375000000000e-01
-6.762695312500000000e-01
-6.762695312500000000e-01
-6.738281250000000000e-01
-6.713867187500000000e-01
-6.713867187500000000e-01
-6.738281250000000000e-01
-6.762695312500000000e-01
-6.762695312500000000e-01
-6.738281250000000000e-01
-6.738281250000000000e-01
-6.713867187500000000e-01
-6.713867187500000000e-01
-6.689453125000000000e-01
-6.713867187500000000e-01
-6.713867187500000000e-01
-6.713867187500000000e-01
-6.689453125000000000e-01
-6.689453125000000000e-01
-6.713867187500000000e-01
-6.713867187500000000e-01
-6.689453125000000000e-01
-6.665039062500000000e-01
-6.689453125000000000e-01
-6.689453125000000000e-01
-6.665039062500000000e-01
-6.640625000000000000e-01
-6.640625000000000000e-01
-6.640625000000000000e-01
-6.640625000000000000e-01
-6.640625000000000000e-01
-6.640625000000000000e-01
-6.640625000000000000e-01
-6.665039062500000000e-01
-6.640625000000000000e-01
-6.616210937500000000e-01
-6.591796875000000000e-01
-6.616210937500000000e-01
-6.616210937500000000e-01
-6.616210937500000000e-01
-6.591796875000000000e-01
-6.591796875000000000e-01
-6.616210937500000000e-01
-6.640625000000000000e-01
-6.616210937500000000e-01
-6.591796875000000000e-01
-6.591796875000000000e-01
-6.567382812500000000e-01
-6.567382812500000000e-01
-6.567382812500000000e-01
-6.567382812500000000e-01
-6.591796875000000000e-01
-6.591796875000000000e-01
-6.567382812500000000e-01
-6.542968750000000000e-01
-6.567382812500000000e-01
-6.567382812500000000e-01
-6.567382812500000000e-01
-6.567382812500000000e-01
-6.542968750000000000e-01
-6.518554687500000000e-01
-6.518554687500000000e-01
-6.542968750000000000e-01
-6.542968750000000000e-01
-6.542968750000000000e-01
-6.542968750000000000e-01
-6.542968750000000000e-01
-6.542968750000000000e-01
-6.542968750000000000e-01
-6.518554687500000000e-01
-6.542968750000000000e-01
-6.518554687500000000e-01
-6.518554687500000000e-01
-6.518554687500000000e-01
-6.542968750000000000e-01
-6.542968750000000000e-01
-6.542968750000000000e-01
-6.494140625000000000e-01
-6.494140625000000000e-01
-6.469726562500000000e-01
-6.469726562500000000e-01
-6.494140625000000000e-01
-6.469726562500000000e-01
-6.469726562500000000e-01
-6.445312500000000000e-01
-6.469726562500000000e-01
-6.469726562500000000e-01
-6.445312500000000000e-01
-6.445312500000000000e-01
-6.469726562500000000e-01
-6.469726562500000000e-01
-6.420898437500000000e-01
-6.420898437500000000e-01
-6.420898437500000000e-01
-6.396484375000000000e-01
-6.420898437500000000e-01
-6.420898437500000000e-01
-6.420898437500000000e-01
-6.445312500000000000e-01
-6.445312500000000000e-01
-6.420898437500000000e-01
-6.396484375000000000e-01
-6.396484375000000000e-01
-6.372070312500000000e-01
-6.396484375000000000e-01
-6.396484375000000000e-01
-6.420898437500000000e-01
-6.396484375000000000e-01
-6.372070312500000000e-01
-6.372070312500000000e-01
-6.396484375000000000e-01
-6.396484375000000000e-01
-6.396484375000000000e-01
-6.396484375000000000e-01
-6.347656250000000000e-01
-6.347656250000000000e-01
-6.347656250000000000e-01
-6.347656250000000000e-01
-6.372070312500000000e-01
-6.372070312500000000e-01
-6.372070312500000000e-01
-6.372070312500000000e-01
-6.372070312500000000e-01
-6.347656250000000000e-01
-6.347656250000000000e-01
-6.347656250000000000e-01
-6.347656250000000000e-01
-6.323242187500000000e-01
-6.347656250000000000e-01
-6.347656250000000000e-01
-6.347656250000000000e-01
-6.323242187500000000e-01
-6.274414062500000000e-01
-6.298828125000000000e-01
-6.298828125000000000e-01
-6.298828125000000000e-01
-6.274414062500000000e-01
-6.298828125000000000e-01
-6.298828125000000000e-01
-6.298828125000000000e-01
-6.274414062500000000e-01
-6.274414062500000000e-01
-6.298828125000000000e-01
-6.274414062500000000e-01
-6.298828125000000000e-01
-6.298828125000000000e-01
-6.274414062500000000e-01
-6.250000000000000000e-01
-6.250000000000000000e-01
-6.274414062500000000e-01
-6.274414062500000000e-01
-6.250000000000000000e-01
-6.250000000000000000e-01
-6.274414062500000000e-01
-6.250000000000000000e-01
-6.250000000000000000e-01
-6.201171875000000000e-01
-6.201171875000000000e-01
-6.201171875000000000e-01
-6.225585937500000000e-01
-6.176757812500000000e-01
-6.225585937500000000e-01
-6.201171875000000000e-01
-6.201171875000000000e-01
-6.225585937500000000e-01
-6.225585937500000000e-01
-6.225585937500000000e-01
-6.201171875000000000e-01
-6.201171875000000000e-01
-6.176757812500000000e-01
-6.176757812500000000e-01
-6.201171875000000000e-01
-6.201171875000000000e-01
-6.201171875000000000e-01
-6.201171875000000000e-01
-6.201171875000000000e-01
-6.176757812500000000e-01
-6.152343750000000000e-01
-6.152343750000000000e-01
-6.152343750000000000e-01
-6.152343750000000000e-01
-6.127929687500000000e-01
-6.127929687500000000e-01
-6.103515625000000000e-01
-6.127929687500000000e-01
-6.152343750000000000e-01
-6.152343750000000000e-01
-6.152343750000000000e-01
-6.152343750000000000e-01
-6.152343750000000000e-01
-6.103515625000000000e-01
-6.103515625000000000e-01
-6.079101562500000000e-01
-6.127929687500000000e-01
-6.127929687500000000e-01
-6.127929687500000000e-01
-6.103515625000000000e-01
-6.103515625000000000e-01
-6.079101562500000000e-01
-6.103515625000000000e-01
-6.103515625000000000e-01
-6.054687500000000000e-01
-6.079101562500000000e-01
-6.079101562500000000e-01
-6.054687500000000000e-01
-6.054687500000000000e-01
-6.054687500000000000e-01
-6.079101562500000000e-01
-6.079101562500000000e-01
-6.079101562500000000e-01
-6.054687500000000000e-01
-6.054687500000000000e-01
-6.030273437500000000e-01
-6.030273437500000000e-01
-6.030273437500000000e-01
-6.054687500000000000e-01
-6.054687500000000000e-01
-6.054687500000000000e-01
-6.054687500000000000e-01
-6.030273437500000000e-01
-6.030273437500000000e-01
-6.005859375000000000e-01
-6.005859375000000000e-01
-6.030273437500000000e-01
-6.030273437500000000e-01
-6.005859375000000000e-01
-6.005859375000000000e-01
-5.981445312500000000e-01
-5.957031250000000000e-01
-5.981445312500000000e-01
-5.957031250000000000e-01
-5.981445312500000000e-01
-6.005859375000000000e-01
-5.981445312500000000e-01
-5.957031250000000000e-01
-5.932617187500000000e-01
-5.957031250000000000e-01
-5.957031250000000000e-01
-5.981445312500000000e-01
-5.957031250000000000e-01
-5.957031250000000000e-01
-5.932617187500000000e-01
-5.932617187500000000e-01
-5.932617187500000000e-01
-5.932617187500000000e-01
-5.932617187500000000e-01
-5.932617187500000000e-01
-5.932617187500000000e-01
-5.908203125000000000e-01
-5.883789062500000000e-01
-5.908203125000000000e-01
-5.908203125000000000e-01
-5.908203125000000000e-01
-5.908203125000000000e-01
-5.908203125000000000e-01
-5.883789062500000000e-01
-5.883789062500000000e-01
-5.883789062500000000e-01
-5.883789062500000000e-01
-5.859375000000000000e-01
-5.834960937500000000e-01
-5.859375000000000000e-01
-5.859375000000000000e-01
-5.859375000000000000e-01
-5.834960937500000000e-01
-5.859375000000000000e-01
-5.834960937500000000e-01
-5.834960937500000000e-01
-5.834960937500000000e-01
-5.834960937500000000e-01
-5.786132812500000000e-01
-5.810546875000000000e-01
-5.834960937500000000e-01
-5.810546875000000000e-01
-5.810546875000000000e-01
-5.786132812500000000e-01
-5.810546875000000000e-01
-5.810546875000000000e-01
-5.786132812500000000e-01
-5.786132812500000000e-01
-5.786132812500000000e-01
-5.786132812500000000e-01
-5.810546875000000000e-01
-5.786132812500000000e-01
-5.761718750000000000e-01
-5.737304687500000000e-01
-5.712890625000000000e-01
-5.737304687500000000e-01
-5.737304687500000000e-01
-5.761718750000000000e-01
-5.737304687500000000e-01
-5.737304687500000000e-01
-5.712890625000000000e-01
-5.688476562500000000e-01
-5.712890625000000000e-01
-5.712890625000000000e-01
-5.737304687500000000e-01
-5.737304687500000000e-01
-5.761718750000000000e-01
-5.712890625000000000e-01
-5.712890625000000000e-01
-5.688476562500000000e-01
-5.688476562500000000e-01
-5.712890625000000000e-01
-5.712890625000000000e-01
-5.737304687500000000e-01
-5.712890625000000000e-01
-5.688476562500000000e-01
-5.664062500000000000e-01
-5.664062500000000000e-01
-5.664062500000000000e-01
-5.664062500000000000e-01
-5.664062500000000000e-01
-5.639648437500000000e-01
-5.664062500000000000e-01
-5.639648437500000000e-01
-5.615234375000000000e-01
-5.615234375000000000e-01
-5.615234375000000000e-01
-5.639648437500000000e-01
-5.664062500000000000e-01
-5.639648437500000000e-01
-5.615234375000000000e-01
-5.615234375000000000e-01
-5.590820312500000000e-01
-5.615234375000000000e-01
-5.615234375000000000e-01
-5.590820312500000000e-01
-5.615234375000000000e-01
-5.590820312500000000e-01
-5.590820312500000000e-01
-5.566406250000000000e-01
-5.541992187500000000e-01
-5.566406250000000000e-01
-5.566406250000000000e-01
-5.566406250000000000e-01
-5.541992187500000000e-01
-5.541992187500000000e-01
-5.541992187500000000e-01
-5.541992187500000000e-01
-5.541992187500000000e-01
-5.566406250000000000e-01
-5.541992187500000000e-01
-5.517578125000000000e-01
-5.517578125000000000e-01
-5.541992187500000000e-01
-5.493164062500000000e-01
-5.493164062500000000e-01
-5.517578125000000000e-01
-5.493164062500000000e-01
-5.493164062500000000e-01
-5.493164062500000000e-01
-5.468750000000000000e-01
-5.493164062500000000e-01
-5.468750000000000000e-01
-5.493164062500000000e-01
-5.493164062500000000e-01
-5.468750000000000000e-01
-5.468750000000000000e-01
-5.468750000000000000e-01
-5.468750000000000000e-01
-5.444335937500000000e-01
-5.468750000000000000e-01
-5.444335937500000000e-01
-5.419921875000000000e-01
-5.419921875000000000e-01
-5.395507812500000000e-01
-5.419921875000000000e-01
-5.419921875000000000e-01
-5.419921875000000000e-01
-5.419921875000000000e-01
-5.419921875000000000e-01
-5.395507812500000000e-01
-5.395507812500000000e-01
-5.395507812500000000e-01
-5.395507812500000000e-01
-5.395507812500000000e-01
-5.371093750000000000e-01
-5.419921875000000000e-01
-5.419921875000000000e-01
-5.395507812500000000e-01
-5.395507812500000000e-01
-5.371093750000000000e-01
-5.371093750000000000e-01
-5.346679687500000000e-01
-5.322265625000000000e-01
-5.346679687500000000e-01
-5.371093750000000000e-01
-5.371093750000000000e-01
-5.371093750000000000e-01
-5.322265625000000000e-01
-5.346679687500000000e-01
-5.346679687500000000e-01
-5.322265625000000000e-01
-5.297851562500000000e-01
-5.322265625000000000e-01
-5.346679687500000000e-01
-5.322265625000000000e-01
-5.322265625000000000e-01
-5.273437500000000000e-01
-5.273437500000000000e-01
-5.297851562500000000e-01
-5.322265625000000000e-01
-5.297851562500000000e-01
-5.322265625000000000e-01
-5.249023437500000000e-01
-5.249023437500000000e-01
-5.224609375000000000e-01
-5.224609375000000000e-01
-5.249023437500000000e-01
-5.249023437500000000e-01
-5.273437500000000000e-01
-5.273437500000000000e-01
-5.249023437500000000e-01
-5.249023437500000000e-01
-5.249023437500000000e-01
-5.249023437500000000e-01
-5.224609375000000000e-01
-5.249023437500000000e-01
-5.224609375000000000e-01
-5.224609375000000000e-01
-5.224609375000000000e-01
-5.224609375000000000e-01
-5.224609375000000000e-01
-5.175781250000000000e-01
-5.175781250000000000e-01
-5.200195312500000000e-01
-5.175781250000000000e-01
-5.175781250000000000e-01
-5.151367187500000000e-01
-5.151367187500000000e-01
-5.175781250000000000e-01
-5.175781250000000000e-01
-5.151367187500000000e-01
-5.126953125000000000e-01
-5.151367187500000000e-01
-5.175781250000000000e-01
-5.151367187500000000e-01
-5.175781250000000000e-01
-5.126953125000000000e-01
-5.126953125000000000e-01
-5.126953125000000000e-01
-5.151367187500000000e-01
-5.151367187500000000e-01
-5.126953125000000000e-01
-5.151367187500000000e-01
-5.126953125000000000e-01
-5.126953125000000000e-01
-5.078125000000000000e-01
-5.078125000000000000e-01
-5.053710937500000000e-01
-5.053710937500000000e-01
-5.078125000000000000e-01
-5.078125000000000000e-01
-5.078125000000000000e-01
-5.078125000000000000e-01
-5.053710937500000000e-01
-5.078125000000000000e-01
-5.078125000000000000e-01
-5.078125000000000000e-01
-5.078125000000000000e-01
-5.078125000000000000e-01
-5.078125000000000000e-01
-5.078125000000000000e-01
-5.053710937500000000e-01
-5.053710937500000000e-01
-5.053710937500000000e-01
-5.029296875000000000e-01
-5.029296875000000000e-01
-5.029296875000000000e-01
-5.029296875000000000e-01
-5.004882812500000000e-01
-4.980468750000000000e-01
-4.980468750000000000e-01
-5.004882812500000000e-01
-5.004882812500000000e-01
-5.004882812500000000e-01
-5.004882812500000000e-01
-4.980468750000000000e-01
-4.980468750000000000e-01
-4.956054687500000000e-01
-4.980468750000000000e-01
-4.980468750000000000e-01
-4.980468750000000000e-01
-5.004882812500000000e-01
-4.980468750000000000e-01
-4.956054687500000000e-01
-4.931640625000000000e-01
-4.931640625000000000e-01
-4.931640625000000000e-01
-4.931640625000000000e-01
-4.931640625000000000e-01
-4.907226562500000000e-01
-4.907226562500000000e-01
-4.907226562500000000e-01
-4.931640625000000000e-01
-4.931640625000000000e-01
-4.907226562500000000e-01
-4.882812500000000000e-01
-4.882812500000000000e-01
-4.907226562500000000e-01
-4.907226562500000000e-01
-4.907226562500000000e-01
-4.882812500000000000e-01
-4.882812500000000000e-01
-4.882812500000000000e-01
-4.882812500000000000e-01
-4.882812500000000000e-01
-4.882812500000000000e-01
-4.882812500000000000e-01
-4.858398437500000000e-01
-4.833984375000000000e-01
-4.809570312500000000e-01
-4.833984375000000000e-01
-4.858398437500000000e-01
-4.858398437500000000e-01
-4.858398437500000000e-01
-4.858398437500000000e-01
-4.833984375000000000e-01
-4.809570312500000000e-01
-4.809570312500000000e-01
-4.833984375000000000e-01
-4.833984375000000000e-01
-4.833984375000000000e-01
-4.809570312500000000e-01
-4.809570312500000000e-01
-4.858398437500000000e-01
-4.833984375000000000e-01
-4.858398437500000000e-01
-4.833984375000000000e-01
-4.809570312500000000e-01
-4.785156250000000000e-01
-4.785156250000000000e-01
-4.760742187500000000e-01
-4.785156250000000000e-01
-4.809570312500000000e-01
-4.809570312500000000e-01
-4.809570312500000000e-01
-4.785156250000000000e-01
-4.736328125000000000e-01
-4.736328125000000000e-01
-4.711914062500000000e-01
-4.711914062500000000e-01
-4.760742187500000000e-01
-4.736328125000000000e-01
-4.760742187500000000e-01
-4.760742187500000000e-01
-4.760742187500000000e-01
-4.736328125000000000e-01
-4.711914062500000000e-01
-4.711914062500000000e-01
-4.711914062500000000e-01
-4.711914062500000000e-01
-4.736328125000000000e-01
-4.736328125000000000e-01
-4.736328125000000000e-01
-4.687500000000000000e-01
-4.687500000000000000e-01
-4.711914062500000000e-01
-4.687500000000000000e-01
-4.711914062500000000e-01
-4.687500000000000000e-01
-4.663085937500000000e-01
-4.663085937500000000e-01
-4.638671875000000000e-01
-4.663085937500000000e-01
-4.663085937500000000e-01
-4.687500000000000000e-01
-4.687500000000000000e-01
-4.663085937500000000e-01
-4.638671875000000000e-01
-4.663085937500000000e-01
-4.663085937500000000e-01
-4.663085937500000000e-01
-4.687500000000000000e-01
-4.638671875000000000e-01
-4.638671875000000000e-01
-4.638671875000000000e-01
-4.663085937500000000e-01
-4.663085937500000000e-01
-4.638671875000000000e-01
-4.638671875000000000e-01
-4.614257812500000000e-01
-4.589843750000000000e-01
-4.589843750000000000e-01
-4.589843750000000000e-01
-4.589843750000000000e-01
-4.589843750000000000e-01
-4.565429687500000000e-01
-4.541015625000000000e-01
-4.589843750000000000e-01
-4.565429687500000000e-01
-4.589843750000000000e-01
-4.589843750000000000e-01
-4.565429687500000000e-01
-4.541015625000000000e-01
-4.541015625000000000e-01
-4.541015625000000000e-01
-4.541015625000000000e-01
-4.541015625000000000e-01
-4.541015625000000000e-01
-4.565429687500000000e-01
-4.516601562500000000e-01
-4.516601562500000000e-01
-4.516601562500000000e-01
-4.516601562500000000e-01
-4.541015625000000000e-01
-4.516601562500000000e-01
-4.516601562500000000e-01
-4.467773437500000000e-01
-4.492187500000000000e-01
-4.467773437500000000e-01
-4.492187500000000000e-01
-4.492187500000000000e-01
-4.516601562500000000e-01
-4.492187500000000000e-01
-4.516601562500000000e-01
-4.492187500000000000e-01
-4.467773437500000000e-01
-4.492187500000000000e-01
-4.492187500000000000e-01
-4.492187500000000000e-01
-4.492187500000000000e-01
-4.492187500000000000e-01
-4.467773437500000000e-01
-4.467773437500000000e-01
-4.467773437500000000e-01
-4.443359375000000000e-01
-4.418945312500000000e-01
-4.394531250000000000e-01
-4.394531250000000000e-01
-4.394531250000000000e-01
-4.418945312500000000e-01
-4.443359375000000000e-01
-4.443359375000000000e-01
-4.418945312500000000e-01
-4.394531250000000000e-01
-4.394531250000000000e-01
-4.345703125000000000e-01
-4.394531250000000000e-01
-4.394531250000000000e-01
-4.394531250000000000e-01
-4.394531250000000000e-01
-4.370117187500000000e-01
-4.370117187500000000e-01
-4.370117187500000000e-01
-4.370117187500000000e-01
-4.370117187500000000e-01
-4.345703125000000000e-01
-4.345703125000000000e-01
-4.370117187500000000e-01
-4.370117187500000000e-01
-4.345703125000000000e-01
-4.321289062500000000e-01
-4.321289062500000000e-01
-4.345703125000000000e-01
-4.345703125000000000e-01
-4.345703125000000000e-01
-4.345703125000000000e-01
-4.345703125000000000e-01
-4.321289062500000000e-01
-4.296875000000000000e-01
-4.272460937500000000e-01
-4.296875000000000000e-01
-4.296875000000000000e-01
-4.321289062500000000e-01
-4.296875000000000000e-01
-4.272460937500000000e-01
-4.272460937500000000e-01
-4.272460937500000000e-01
-4.296875000000000000e-01
-4.272460937500000000e-01
-4.272460937500000000e-01
-4.248046875000000000e-01
-4.272460937500000000e-01
-4.248046875000000000e-01
-4.248046875000000000e-01
-4.248046875000000000e-01
-4.272460937500000000e-01
-4.248046875000000000e-01
-4.272460937500000000e-01
-4.272460937500000000e-01
-4.248046875000000000e-01
-4.223632812500000000e-01
-4.223632812500000000e-01
-4.199218750000000000e-01
-4.199218750000000000e-01
-4.223632812500000000e-01
-4.223632812500000000e-01
-4.199218750000000000e-01
-4.174804687500000000e-01
-4.174804687500000000e-01
-4.199218750000000000e-01
-4.223632812500000000e-01
-4.199218750000000000e-01
-4.199218750000000000e-01
-4.174804687500000000e-01
-4.174804687500000000e-01
-4.150390625000000000e-01
-4.174804687500000000e-01
-4.174804687500000000e-01
-4.174804687500000000e-01
-4.174804687500000000e-01
-4.150390625000000000e-01
-4.150390625000000000e-01
-4.150390625000000000e-01
-4.125976562500000000e-01
-4.101562500000000000e-01
-4.101562500000000000e-01
-4.101562500000000000e-01
-4.125976562500000000e-01
-4.125976562500000000e-01
-4.101562500000000000e-01
-4.101562500000000000e-01
-4.101562500000000000e-01
-4.101562500000000000e-01
-4.101562500000000000e-01
-4.101562500000000000e-01
-4.101562500000000000e-01
-4.101562500000000000e-01
-4.077148437500000000e-01
-4.077148437500000000e-01
-4.077148437500000000e-01
-4.077148437500000000e-01
-4.101562500000000000e-01
-4.101562500000000000e-01
-4.077148437500000000e-01
-4.028320312500000000e-01
-4.052734375000000000e-01
-4.052734375000000000e-01
-4.028320312500000000e-01
-4.028320312500000000e-01
-4.052734375000000000e-01
-4.028320312500000000e-01
-4.028320312500000000e-01
-3.979492187500000000e-01
-4.003906250000000000e-01
-3.979492187500000000e-01
-4.028320312500000000e-01
-4.028320312500000000e-01
-4.028320312500000000e-01
-4.003906250000000000e-01
-4.003906250000000000e-01
-3.979492187500000000e-01
-3.979492187500000000e-01
-3.955078125000000000e-01
-3.979492187500000000e-01
-3.979492187500000000e-01
-3.979492187500000000e-01
-3.955078125000000000e-01
-3.955078125000000000e-01
-3.955078125000000000e-01
-3.955078125000000000e-01
-3.955078125000000000e-01
-3.955078125000000000e-01
-3.930664062500000000e-01
-3.930664062500000000e-01
-3.930664062500000000e-01
-3.930664062500000000e-01
-3.930664062500000000e-01
-3.955078125000000000e-01
-3.930664062500000000e-01
-3.930664062500000000e-01
-3.930664062500000000e-01
-3.930664062500000000e-01
-3.930664062500000000e-01
-3.881835937500000000e-01
-3.906250000000000000e-01
-3.906250000000000000e-01
-3.881835937500000000e-01
-3.881835937500000000e-01
-3.881835937500000000e-01
-3.857421875000000000e-01
-3.881835937500000000e-01
-3.881835937500000000e-01
-3.881835937500000000e-01
-3.857421875000000000e-01
-3.857421875000000000e-01
-3.857421875000000000e-01
-3.857421875000000000e-01
-3.833007812500000000e-01
-3.857421875000000000e-01
-3.857421875000000000e-01
-3.857421875000000000e-01
-3.833007812500000000e-01
-3.833007812500000000e-01
-3.857421875000000000e-01
-3.808593750000000000e-01
-3.808593750000000000e-01
-3.784179687500000000e-01
-3.784179687500000000e-01
-3.808593750000000000e-01
-3.808593750000000000e-01
-3.808593750000000000e-01
-3.808593750000000000e-01
-3.784179687500000000e-01
-3.784179687500000000e-01
-3.784179687500000000e-01
-3.759765625000000000e-01
-3.784179687500000000e-01
-3.784179687500000000e-01
-3.784179687500000000e-01
-3.759765625000000000e-01
-3.759765625000000000e-01
-3.759765625000000000e-01
-3.759765625000000000e-01
-3.759765625000000000e-01
-3.784179687500000000e-01
-3.735351562500000000e-01
-3.710937500000000000e-01
-3.735351562500000000e-01
-3.710937500000000000e-01
-3.735351562500000000e-01
-3.710937500000000000e-01
-3.735351562500000000e-01
-3.710937500000000000e-01
-3.735351562500000000e-01
-3.710937500000000000e-01
-3.686523437500000000e-01
-3.686523437500000000e-01
-3.710937500000000000e-01
-3.710937500000000000e-01
-3.686523437500000000e-01
-3.686523437500000000e-01
-3.686523437500000000e-01
-3.686523437500000000e-01
-3.662109375000000000e-01
-3.662109375000000000e-01
-3.662109375000000000e-01
-3.637695312500000000e-01
-3.686523437500000000e-01
-3.686523437500000000e-01
-3.686523437500000000e-01
-3.637695312500000000e-01
-3.637695312500000000e-01
-3.613281250000000000e-01
-3.613281250000000000e-01
-3.613281250000000000e-01
-3.637695312500000000e-01
-3.637695312500000000e-01
-3.637695312500000000e-01
-3.637695312500000000e-01
-3.613281250000000000e-01
-3.588867187500000000e-01
-3.613281250000000000e-01
-3.613281250000000000e-01
-3.588867187500000000e-01
-3.588867187500000000e-01
-3.564453125000000000e-01
-3.588867187500000000e-01
-3.613281250000000000e-01
-3.613281250000000000e-01
-3.588867187500000000e-01
-3.540039062500000000e-01
-3.540039062500000000e-01
-3.540039062500000000e-01
-3.540039062500000000e-01
-3.515625000000000000e-01
-3.540039062500000000e-01
-3.564453125000000000e-01
-3.540039062500000000e-01
-3.540039062500000000e-01
-3.540039062500000000e-01
-3.540039062500000000e-01
-3.515625000000000000e-01
-3.540039062500000000e-01
-3.540039062500000000e-01
-3.540039062500000000e-01
-3.540039062500000000e-01
-3.515625000000000000e-01
-3.540039062500000000e-01
-3.515625000000000000e-01
-3.491210937500000000e-01
-3.466796875000000000e-01
-3.491210937500000000e-01
-3.491210937500000000e-01
-3.466796875000000000e-01
-3.466796875000000000e-01
-3.442382812500000000e-01
-3.442382812500000000e-01
-3.466796875000000000e-01
-3.466796875000000000e-01
-3.491210937500000000e-01
-3.466796875000000000e-01
-3.466796875000000000e-01
-3.466796875000000000e-01
-3.442382812500000000e-01
-3.417968750000000000e-01
-3.442382812500000000e-01
-3.466796875000000000e-01
-3.491210937500000000e-01
-3.417968750000000000e-01
-3.417968750000000000e-01
-3.417968750000000000e-01
-3.417968750000000000e-01
-3.417968750000000000e-01
-3.417968750000000000e-01
-3.393554687500000000e-01
-3.393554687500000000e-01
-3.369140625000000000e-01
-3.393554687500000000e-01
-3.369140625000000000e-01
-3.369140625000000000e-01
-3.369140625000000000e-01
-3.369140625000000000e-01
-3.393554687500000000e-01
-3.393554687500000000e-01
-3.369140625000000000e-01
-3.344726562500000000e-01
-3.344726562500000000e-01
-3.369140625000000000e-01
-3.369140625000000000e-01
-3.344726562500000000e-01
-3.344726562500000000e-01
-3.320312500000000000e-01
-3.344726562500000000e-01
-3.344726562500000000e-01
-3.320312500000000000e-01
-3.295898437500000000e-01
-3.320312500000000000e-01
-3.320312500000000000e-01
-3.295898437500000000e-01
-3.295898437500000000e-01
-3.320312500000000000e-01
-3.295898437500000000e-01
-3.295898437500000000e-01
-3.271484375000000000e-01
-3.295898437500000000e-01
-3.295898437500000000e-01
-3.320312500000000000e-01
-3.295898437500000000e-01
-3.271484375000000000e-01
-3.271484375000000000e-01
-3.295898437500000000e-01
-3.271484375000000000e-01
-3.247070312500000000e-01
-3.271484375000000000e-01
-3.271484375000000000e-01
-3.247070312500000000e-01
-3.247070312500000000e-01
-3.198242187500000000e-01
-3.247070312500000000e-01
-3.247070312500000000e-01
-3.247070312500000000e-01
-3.222656250000000000e-01
-3.222656250000000000e-01
-3.222656250000000000e-01
-3.222656250000000000e-01
-3.222656250000000000e-01
-3.222656250000000000e-01
-3.247070312500000000e-01
-3.222656250000000000e-01
-3.222656250000000000e-01
-3.173828125000000000e-01
-3.198242187500000000e-01
-3.198242187500000000e-01
-3.198242187500000000e-01
-3.222656250000000000e-01
-3.198242187500000000e-01
-3.173828125000000000e-01
-3.149414062500000000e-01
-3.149414062500000000e-01
-3.149414062500000000e-01
-3.149414062500000000e-01
-3.149414062500000000e-01
-3.125000000000000000e-01
-3.149414062500000000e-01
-3.149414062500000000e-01
-3.149414062500000000e-01
-3.125000000000000000e-01
-3.125000000000000000e-01
-3.125000000000000000e-01
-3.125000000000000000e-01
-3.125000000000000000e-01
-3.125000000000000000e-01
-3.100585937500000000e-01
-3.125000000000000000e-01
-3.100585937500000000e-01
-3.100585937500000000e-01
-3.076171875000000000e-01
-3.076171875000000000e-01
-3.100585937500000000e-01
-3.051757812500000000e-01
-3.051757812500000000e-01
-3.051757812500000000e-01
-3.076171875000000000e-01
-3.076171875000000000e-01
-3.076171875000000000e-01
-3.076171875000000000e-01
-3.051757812500000000e-01
-3.076171875000000000e-01
-3.051757812500000000e-01
-3.027343750000000000e-01
-3.027343750000000000e-01
-3.051757812500000000e-01
-3.051757812500000000e-01
-3.076171875000000000e-01
-3.076171875000000000e-01
-3.051757812500000000e-01
-3.027343750000000000e-01
-3.002929687500000000e-01
-3.002929687500000000e-01
-3.002929687500000000e-01
-3.002929687500000000e-01
-3.002929687500000000e-01
-2.978515625000000000e-01
-2.978515625000000000e-01
-2.954101562500000000e-01
-2.978515625000000000e-01
-2.978515625000000000e-01
-3.002929687500000000e-01
-2.978515625000000000e-01
-2.978515625000000000e-01
-2.978515625000000000e-01
-2.978515625000000000e-01
-2.978515625000000000e-01
-2.978515625000000000e-01
-2.954101562500000000e-01
-2.954101562500000000e-01
-2.978515625000000000e-01
-2.954101562500000000e-01
-2.929687500000000000e-01
-2.954101562500000000e-01
-2.929687500000000000e-01
-2.905273437500000000e-01
-2.880859375000000000e-01
-2.880859375000000000e-01
-2.929687500000000000e-01
-2.929687500000000000e-01
-2.929687500000000000e-01
-2.905273437500000000e-01
-2.880859375000000000e-01
-2.880859375000000000e-01
-2.856445312500000000e-01
-2.880859375000000000e-01
-2.880859375000000000e-01
-2.856445312500000000e-01
-2.856445312500000000e-01
-2.880859375000000000e-01
-2.856445312500000000e-01
-2.880859375000000000e-01
-2.880859375000000000e-01
-2.880859375000000000e-01
-2.880859375000000000e-01
-2.832031250000000000e-01
-2.832031250000000000e-01
-2.807617187500000000e-01
-2.832031250000000000e-01
-2.832031250000000000e-01
-2.832031250000000000e-01
-2.832031250000000000e-01
-2.807617187500000000e-01
-2.807617187500000000e-01
-2.807617187500000000e-01
-2.832031250000000000e-01
-2.832031250000000000e-01
-2.807617187500000000e-01
-2.783203125000000000e-01
-2.807617187500000000e-01
-2.783203125000000000e-01
-2.783203125000000000e-01
-2.783203125000000000e-01
-2.783203125000000000e-01
-2.807617187500000000e-01
-2.783203125000000000e-01
-2.783203125000000000e-01
-2.758789062500000000e-01
-2.758789062500000000e-01
-2.734375000000000000e-01
-2.758789062500000000e-01
-2.783203125000000000e-01
-2.734375000000000000e-01
-2.734375000000000000e-01
-2.734375000000000000e-01
-2.734375000000000000e-01
-2.734375000000000000e-01
-2.734375000000000000e-01
-2.758789062500000000e-01
-2.709960937500000000e-01
-2.709960937500000000e-01
-2.685546875000000000e-01
-2.685546875000000000e-01
-2.685546875000000000e-01
-2.709960937500000000e-01
-2.709960937500000000e-01
-2.709960937500000000e-01
-2.709960937500000000e-01
-2.709960937500000000e-01
-2.685546875000000000e-01
-2.661132812500000000e-01
-2.685546875000000000e-01
-2.661132812500000000e-01
-2.661132812500000000e-01
-2.661132812500000000e-01
-2.661132812500000000e-01
-2.636718750000000000e-01
-2.636718750000000000e-01
-2.612304687500000000e-01
-2.636718750000000000e-01
-2.636718750000000000e-01
-2.661132812500000000e-01
-2.612304687500000000e-01
-2.612304687500000000e-01
-2.612304687500000000e-01
-2.587890625000000000e-01
-2.612304687500000000e-01
-2.612304687500000000e-01
-2.612304687500000000e-01
-2.636718750000000000e-01
-2.587890625000000000e-01
-2.587890625000000000e-01
-2.563476562500000000e-01
-2.587890625000000000e-01
-2.587890625000000000e-01
-2.563476562500000000e-01
-2.563476562500000000e-01
-2.563476562500000000e-01
-2.563476562500000000e-01
-2.563476562500000000e-01
-2.539062500000000000e-01
-2.514648437500000000e-01
-2.539062500000000000e-01
-2.563476562500000000e-01
-2.539062500000000000e-01
-2.539062500000000000e-01
-2.514648437500000000e-01
-2.539062500000000000e-01
-2.539062500000000000e-01
-2.539062500000000000e-01
-2.539062500000000000e-01
-2.514648437500000000e-01
-2.514648437500000000e-01
-2.514648437500000000e-01
-2.514648437500000000e-01
-2.514648437500000000e-01
-2.514648437500000000e-01
-2.514648437500000000e-01
-2.465820312500000000e-01
-2.465820312500000000e-01
-2.441406250000000000e-01
-2.465820312500000000e-01
-2.465820312500000000e-01
-2.465820312500000000e-01
-2.465820312500000000e-01
-2.465820312500000000e-01
-2.465820312500000000e-01
-2.441406250000000000e-01
-2.441406250000000000e-01
-2.416992187500000000e-01
-2.392578125000000000e-01
-2.392578125000000000e-01
-2.416992187500000000e-01
-2.416992187500000000e-01
-2.441406250000000000e-01
-2.441406250000000000e-01
-2.392578125000000000e-01
-2.392578125000000000e-01
-2.392578125000000000e-01
-2.416992187500000000e-01
-2.416992187500000000e-01
-2.416992187500000000e-01
-2.392578125000000000e-01
-2.368164062500000000e-01
-2.368164062500000000e-01
-2.343750000000000000e-01
-2.368164062500000000e-01
-2.368164062500000000e-01
-2.392578125000000000e-01
-2.368164062500000000e-01
-2.343750000000000000e-01
-2.343750000000000000e-01
-2.319335937500000000e-01
-2.343750000000000000e-01
-2.319335937500000000e-01
-2.343750000000000000e-01
-2.319335937500000000e-01
-2.294921875000000000e-01
-2.270507812500000000e-01
-2.294921875000000000e-01
-2.319335937500000000e-01
-2.294921875000000000e-01
-2.270507812500000000e-01
-2.270507812500000000e-01
-2.270507812500000000e-01
-2.294921875000000000e-01
-2.270507812500000000e-01
-2.270507812500000000e-01
-2.221679687500000000e-01
-2.246093750000000000e-01
-2.221679687500000000e-01
-2.246093750000000000e-01
-2.221679687500000000e-01
-2.221679687500000000e-01
-2.221679687500000000e-01
-2.246093750000000000e-01
-2.246093750000000000e-01
-2.246093750000000000e-01
-2.246093750000000000e-01
-2.246093750000000000e-01
-2.221679687500000000e-01
-2.197265625000000000e-01
-2.221679687500000000e-01
-2.221679687500000000e-01
-2.221679687500000000e-01
-2.197265625000000000e-01
-2.148437500000000000e-01
-2.172851562500000000e-01
-2.172851562500000000e-01
-2.172851562500000000e-01
-2.172851562500000000e-01
-2.148437500000000000e-01
-2.124023437500000000e-01
-2.148437500000000000e-01
-2.172851562500000000e-01
-2.148437500000000000e-01
-2.124023437500000000e-01
-2.148437500000000000e-01
-2.124023437500000000e-01
-2.124023437500000000e-01
-2.148437500000000000e-01
-2.124023437500000000e-01
-2.124023437500000000e-01
-2.099609375000000000e-01
-2.099609375000000000e-01
-2.099609375000000000e-01
-2.075195312500000000e-01
-2.124023437500000000e-01
-2.099609375000000000e-01
-2.075195312500000000e-01
-2.075195312500000000e-01
-2.099609375000000000e-01
-2.075195312500000000e-01
-2.075195312500000000e-01
-2.050781250000000000e-01
-2.050781250000000000e-01
-2.050781250000000000e-01
-2.050781250000000000e-01
-2.050781250000000000e-01
-2.075195312500000000e-01
-2.075195312500000000e-01
-2.075195312500000000e-01
-2.050781250000000000e-01
-2.001953125000000000e-01
-2.026367187500000000e-01
-2.026367187500000000e-01
-2.050781250000000000e-01
-2.026367187500000000e-01
-2.026367187500000000e-01
-2.001953125000000000e-01
-1.977539062500000000e-01
-1.977539062500000000e-01
-2.001953125000000000e-01
-2.001953125000000000e-01
-2.001953125000000000e-01
-2.001953125000000000e-01
-1.977539062500000000e-01
-1.977539062500000000e-01
-1.977539062500000000e-01
-2.001953125000000000e-01
-1.977539062500000000e-01
-1.977539062500000000e-01
-1.953125000000000000e-01
-1.928710937500000000e-01
-1.928710937500000000e-01
-1.953125000000000000e-01
-1.953125000000000000e-01
-1.953125000000000000e-01
-1.928710937500000000e-01
-1.904296875000000000e-01
-1.904296875000000000e-01
-1.904296875000000000e-01
-1.928710937500000000e-01
-1.953125000000000000e-01
-1.953125000000000000e-01
-1.953125000000000000e-01
-1.904296875000000000e-01
-1.879882812500000000e-01
-1.904296875000000000e-01
-1.879882812500000000e-01
-1.904296875000000000e-01
-1.904296875000000000e-01
-1.904296875000000000e-01
-1.879882812500000000e-01
-1.855468750000000000e-01
-1.855468750000000000e-01
-1.855468750000000000e-01
-1.879882812500000000e-01
-1.855468750000000000e-01
-1.879882812500000000e-01
-1.855468750000000000e-01
-1.831054687500000000e-01
-1.831054687500000000e-01
-1.831054687500000000e-01
-1.831054687500000000e-01
-1.855468750000000000e-01
-1.855468750000000000e-01
-1.831054687500000000e-01
-1.806640625000000000e-01
-1.806640625000000000e-01
-1.831054687500000000e-01
-1.831054687500000000e-01
-1.831054687500000000e-01
-1.831054687500000000e-01
-1.806640625000000000e-01
-1.806640625000000000e-01
-1.782226562500000000e-01
-1.782226562500000000e-01
-1.782226562500000000e-01
-1.782226562500000000e-01
-1.782226562500000000e-01
-1.757812500000000000e-01
-1.757812500000000000e-01
-1.757812500000000000e-01
-1.757812500000000000e-01
-1.733398437500000000e-01
-1.733398437500000000e-01
-1.733398437500000000e-01
-1.757812500000000000e-01
-1.757812500000000000e-01
-1.757812500000000000e-01
-1.733398437500000000e-01
-1.733398437500000000e-01
-1.733398437500000000e-01
-1.733398437500000000e-01
-1.733398437500000000e-01
-1.757812500000000000e-01
-1.733398437500000000e-01
-1.733398437500000000e-01
-1.708984375000000000e-01
-1.708984375000000000e-01
-1.708984375000000000e-01
-1.684570312500000000e-01
-1.684570312500000000e-01
-1.660156250000000000e-01
-1.660156250000000000e-01
-1.684570312500000000e-01
-1.708984375000000000e-01
-1.684570312500000000e-01
-1.684570312500000000e-01
-1.660156250000000000e-01
-1.660156250000000000e-01
-1.660156250000000000e-01
-1.684570312500000000e-01
-1.684570312500000000e-01
-1.660156250000000000e-01
-1.660156250000000000e-01
-1.660156250000000000e-01
-1.660156250000000000e-01
-1.635742187500000000e-01
-1.635742187500000000e-01
-1.611328125000000000e-01
-1.611328125000000000e-01
-1.611328125000000000e-01
-1.611328125000000000e-01
-1.611328125000000000e-01
-1.611328125000000000e-01
-1.635742187500000000e-01
-1.611328125000000000e-01
-1.586914062500000000e-01
-1.586914062500000000e-01
-1.611328125000000000e-01
-1.611328125000000000e-01
-1.586914062500000000e-01
-1.586914062500000000e-01
-1.586914062500000000e-01
-1.538085937500000000e-01
-1.562500000000000000e-01
-1.586914062500000000e-01
-1.586914062500000000e-01
-1.586914062500000000e-01
-1.562500000000000000e-01
-1.538085937500000000e-01
-1.513671875000000000e-01
-1.513671875000000000e-01
-1.538085937500000000e-01
-1.562500000000000000e-01
-1.562500000000000000e-01
-1.513671875000000000e-01
-1.513671875000000000e-01
-1.513671875000000000e-01
-1.513671875000000000e-01
-1.513671875000000000e-01
-1.513671875000000000e-01
-1.538085937500000000e-01
-1.513671875000000000e-01
-1.513671875000000000e-01
-1.489257812500000000e-01
-1.464843750000000000e-01
-1.489257812500000000e-01
-1.489257812500000000e-01
-1.489257812500000000e-01
-1.489257812500000000e-01
-1.489257812500000000e-01
-1.464843750000000000e-01
-1.440429687500000000e-01
-1.416015625000000000e-01
-1.440429687500000000e-01
-1.464843750000000000e-01
-1.464843750000000000e-01
-1.440429687500000000e-01
-1.416015625000000000e-01
-1.416015625000000000e-01
-1.416015625000000000e-01
-1.440429687500000000e-01
-1.440429687500000000e-01
-1.440429687500000000e-01
-1.416015625000000000e-01
-1.391601562500000000e-01
-1.391601562500000000e-01
-1.391601562500000000e-01
-1.391601562500000000e-01
-1.391601562500000000e-01
-1.391601562500000000e-01
-1.391601562500000000e-01
-1.391601562500000000e-01
-1.342773437500000000e-01
-1.342773437500000000e-01
-1.342773437500000000e-01
-1.367187500000000000e-01
-1.367187500000000000e-01
-1.367187500000000000e-01
-1.342773437500000000e-01
-1.342773437500000000e-01
-1.318359375000000000e-01
-1.367187500000000000e-01
-1.342773437500000000e-01
-1.342773437500000000e-01
-1.318359375000000000e-01
-1.342773437500000000e-01
-1.342773437500000000e-01
-1.293945312500000000e-01
-1.293945312500000000e-01
-1.293945312500000000e-01
-1.293945312500000000e-01
-1.269531250000000000e-01
-1.269531250000000000e-01
-1.269531250000000000e-01
-1.269531250000000000e-01
-1.269531250000000000e-01
-1.245117187500000000e-01
-1.245117187500000000e-01
-1.245117187500000000e-01
-1.220703125000000000e-01
-1.269531250000000000e-01
-1.269531250000000000e-01
-1.293945312500000000e-01
-1.269531250000000000e-01
-1.245117187500000000e-01
-1.245117187500000000e-01
-1.220703125000000000e-01
-1.220703125000000000e-01
-1.245117187500000000e-01
-1.245117187500000000e-01
-1.245117187500000000e-01
-1.220703125000000000e-01
-1.196289062500000000e-01
-1.171875000000000000e-01
-1.196289062500000000e-01
-1.196289062500000000e-01
-1.196289062500000000e-01
-1.171875000000000000e-01
-1.171875000000000000e-01
-1.147460937500000000e-01
-1.171875000000000000e-01
-1.196289062500000000e-01
-1.196289062500000000e-01
-1.171875000000000000e-01
-1.171875000000000000e-01
-1.171875000000000000e-01
-1.147460937500000000e-01
-1.147460937500000000e-01
-1.123046875000000000e-01
-1.147460937500000000e-01
-1.147460937500000000e-01
-1.147460937500000000e-01
-1.123046875000000000e-01
-1.123046875000000000e-01
-1.074218750000000000e-01
-1.098632812500000000e-01
-1.074218750000000000e-01
-1.074218750000000000e-01
-1.074218750000000000e-01
-1.098632812500000000e-01
-1.098632812500000000e-01
-1.074218750000000000e-01
-1.025390625000000000e-01
-1.074218750000000000e-01
-1.074218750000000000e-01
-1.074218750000000000e-01
-1.074218750000000000e-01
-1.074218750000000000e-01
-1.074218750000000000e-01
-1.049804687500000000e-01
-1.025390625000000000e-01
-1.000976562500000000e-01
-1.025390625000000000e-01
-1.025390625000000000e-01
-1.000976562500000000e-01
-1.000976562500000000e-01
-1.000976562500000000e-01
-9.765625000000000000e-02
-1.000976562500000000e-01
-1.000976562500000000e-01
-1.000976562500000000e-01
-9.765625000000000000e-02
-9.765625000000000000e-02
-9.521484375000000000e-02
-9.521484375000000000e-02
-9.765625000000000000e-02
-9.765625000000000000e-02
-1.000976562500000000e-01
-9.765625000000000000e-02
-9.521484375000000000e-02
-9.277343750000000000e-02
-9.277343750000000000e-02
-9.277343750000000000e-02
-9.277343750000000000e-02
-9.277343750000000000e-02
-9.277343750000000000e-02
-9.277343750000000000e-02
-9.033203125000000000e-02
-9.033203125000000000e-02
-8.789062500000000000e-02
-8.544921875000000000e-02
-8.544921875000000000e-02
-8.789062500000000000e-02
-8.789062500000000000e-02
-8.544921875000000000e-02
-8.544921875000000000e-02
-8.789062500000000000e-02
-8.544921875000000000e-02
-8.300781250000000000e-02
-8.300781250000000000e-02
-8.300781250000000000e-02
-8.300781250000000000e-02
-8.544921875000000000e-02
-8.544921875000000000e-02
-8.056640625000000000e-02
-8.056640625000000000e-02
-8.056640625000000000e-02
-8.300781250000000000e-02
-8.056640625000000000e-02
-8.056640625000000000e-02
-7.812500000000000000e-02
-7.812500000000000000e-02
-7.812500000000000000e-02
-7.568359375000000000e-02
-7.568359375000000000e-02
-7.812500000000000000e-02
-7.568359375000000000e-02
-7.324218750000000000e-02
-7.324218750000000000e-02
-7.080078125000000000e-02
-7.324218750000000000e-02
-7.324218750000000000e-02
-7.324218750000000000e-02
-7.324218750000000000e-02
-7.080078125000000000e-02
-7.080078125000000000e-02
-6.591796875000000000e-02
-6.835937500000000000e-02
-6.835937500000000000e-02
-6.835937500000000000e-02
-6.835937500000000000e-02
-7.080078125000000000e-02
-6.835937500000000000e-02
-6.835937500000000000e-02
-6.591796875000000000e-02
-6.591796875000000000e-02
-6.835937500000000000e-02
-6.591796875000000000e-02
-6.347656250000000000e-02
-6.347656250000000000e-02
-6.347656250000000000e-02
-6.347656250000000000e-02
-5.859375000000000000e-02
-6.103515625000000000e-02
-6.103515625000000000e-02
-6.347656250000000000e-02
-6.347656250000000000e-02
-6.347656250000000000e-02
-6.103515625000000000e-02
-6.103515625000000000e-02
-6.103515625000000000e-02
-6.347656250000000000e-02
-6.103515625000000000e-02
-5.859375000000000000e-02
-5.859375000000000000e-02
-5.371093750000000000e-02
-5.615234375000000000e-02
-5.615234375000000000e-02
-5.371093750000000000e-02
-5.371093750000000000e-02
-5.126953125000000000e-02
-5.615234375000000000e-02
-5.371093750000000000e-02
-5.126953125000000000e-02
-5.371093750000000000e-02
-5.371093750000000000e-02
-5.126953125000000000e-02
-5.126953125000000000e-02
-5.371093750000000000e-02
-5.371093750000000000e-02
-5.371093750000000000e-02
-5.126953125000000000e-02
-5.126953125000000000e-02
-4.882812500000000000e-02
-5.126953125000000000e-02
-5.126953125000000000e-02
-4.882812500000000000e-02
-4.638671875000000000e-02
-4.394531250000000000e-02
-4.638671875000000000e-02
-4.882812500000000000e-02
-4.638671875000000000e-02
-4.638671875000000000e-02
-4.394531250000000000e-02
-4.394531250000000000e-02
-4.150390625000000000e-02
-4.150390625000000000e-02
-4.394531250000000000e-02
-4.638671875000000000e-02
-4.638671875000000000e-02
-4.394531250000000000e-02
-4.394531250000000000e-02
-4.150390625000000000e-02
-4.150390625000000000e-02
-3.662109375000000000e-02
-3.906250000000000000e-02
-3.906250000000000000e-02
-3.906250000000000000e-02
-3.906250000000000000e-02
-3.662109375000000000e-02
-3.662109375000000000e-02
-3.662109375000000000e-02
-3.662109375000000000e-02
-3.417968750000000000e-02
-3.662109375000000000e-02
-3.417968750000000000e-02
-3.662109375000000000e-02
-3.662109375000000000e-02
-3.662109375000000000e-02
-3.417968750000000000e-02
-3.173828125000000000e-02
-3.173828125000000000e-02
-3.173828125000000000e-02
-3.417968750000000000e-02
-3.662109375000000000e-02
-3.662109375000000000e-02
-3.662109375000000000e-02
-3.173828125000000000e-02
-2.929687500000000000e-02
-2.929687500000000000e-02
-3.173828125000000000e-02
-3.173828125000000000e-02
-3.173828125000000000e-02
-2.685546875000000000e-02
-2.685546875000000000e-02
-2.685546875000000000e-02
-2.929687500000000000e-02
-2.929687500000000000e-02
-2.685546875000000000e-02
-2.685546875000000000e-02
-2.441406250000000000e-02
-2.441406250000000000e-02
-2.441406250000000000e-02
-2.685546875000000000e-02
-2.685546875000000000e-02
-2.929687500000000000e-02
-2.685546875000000000e-02
-2.441406250000000000e-02
-2.441406250000000000e-02
-2.197265625000000000e-02
-2.197265625000000000e-02
-2.197265625000000000e-02
-2.441406250000000000e-02
-2.441406250000000000e-02
-2.197265625000000000e-02
-2.197265625000000000e-02
-2.197265625000000000e-02
-1.953125000000000000e-02
-1.708984375000000000e-02
-1.953125000000000000e-02
-1.953125000000000000e-02
-1.953125000000000000e-02
-1.708984375000000000e-02
-1.708984375000000000e-02
-1.464843750000000000e-02
-1.708984375000000000e-02
-1.464843750000000000e-02
-1.708984375000000000e-02
-1.464843750000000000e-02
-1.464843750000000000e-02
-1.464843750000000000e-02
-1.220703125000000000e-02
-1.220703125000000000e-02
-1.464843750000000000e-02
-1.220703125000000000e-02
-1.220703125000000000e-02
-9.765625000000000000e-03
-9.765625000000000000e-03
-1.220703125000000000e-02
-1.464843750000000000e-02
-1.220703125000000000e-02
-1.220703125000000000e-02
-9.765625000000000000e-03
-9.765625000000000000e-03
-9.765625000000000000e-03
-7.324218750000000000e-03
-9.765625000000000000e-03
-9.765625000000000000e-03
-7.324218750000000000e-03
-4.882812500000000000e-03
-7.324218750000000000e-03
-7.324218750000000000e-03
-9.765625000000000000e-03
-7.324218750000000000e-03
-2.441406250000000000e-03
-4.882812500000000000e-03
-2.441406250000000000e-03
-4.882812500000000000e-03
-4.882812500000000000e-03
-4.882812500000000000e-03
-2.441406250000000000e-03
-4.882812500000000000e-03
-2.441406250000000000e-03
0.000000000000000000e+00
-2.441406250000000000e-03
-2.441406250000000000e-03
-2.441406250000000000e-03
0.000000000000000000e+00
-2.441406250000000000e-03
0.000000000000000000e+00
2.441406250000000000e-03
2.441406250000000000e-03
2.441406250000000000e-03
2.441406250000000000e-03
2.441406250000000000e-03
0.000000000000000000e+00
2.441406250000000000e-03
4.882812500000000000e-03
4.882812500000000000e-03
4.882812500000000000e-03
4.882812500000000000e-03
4.882812500000000000e-03
7.324218750000000000e-03
7.324218750000000000e-03
7.324218750000000000e-03
7.324218750000000000e-03
7.324218750000000000e-03
7.324218750000000000e-03
9.765625000000000000e-03
1.220703125000000000e-02
1.220703125000000000e-02
9.765625000000000000e-03
1.220703125000000000e-02
9.765625000000000000e-03
9.765625000000000000e-03
7.324218750000000000e-03
9.765625000000000000e-03
1.220703125000000000e-02
1.220703125000000000e-02
1.464843750000000000e-02
1.220703125000000000e-02
1.220703125000000000e-02
9.765625000000000000e-03
9.765625000000000000e-03
1.220703125000000000e-02
1.220703125000000000e-02
1.953125000000000000e-02
1.708984375000000000e-02
1.464843750000000000e-02
1.708984375000000000e-02
1.953125000000000000e-02
1.953125000000000000e-02
1.953125000000000000e-02
1.708984375000000000e-02
1.708984375000000000e-02
1.953125000000000000e-02
1.953125000000000000e-02
2.197265625000000000e-02
2.197265625000000000e-02
2.197265625000000000e-02
1.708984375000000000e-02
1.953125000000000000e-02
1.708984375000000000e-02
2.197265625000000000e-02
2.197265625000000000e-02
2.441406250000000000e-02
2.441406250000000000e-02
2.441406250000000000e-02
2.197265625000000000e-02
2.685546875000000000e-02
2.685546875000000000e-02
2.441406250000000000e-02
2.685546875000000000e-02
2.441406250000000000e-02
2.929687500000000000e-02
2.929687500000000000e-02
2.929687500000000000e-02
2.929687500000000000e-02
2.685546875000000000e-02
2.685546875000000000e-02
2.685546875000000000e-02
2.685546875000000000e-02
2.929687500000000000e-02
2.685546875000000000e-02
2.685546875000000000e-02
2.685546875000000000e-02
2.929687500000000000e-02
2.929687500000000000e-02
3.417968750000000000e-02
3.662109375000000000e-02
3.662109375000000000e-02
3.417968750000000000e-02
3.173828125000000000e-02
3.417968750000000000e-02
3.417968750000000000e-02
3.417968750000000000e-02
3.662109375000000000e-02
3.662109375000000000e-02
3.906250000000000000e-02
3.417968750000000000e-02
3.662109375000000000e-02
3.906250000000000000e-02
3.906250000000000000e-02
3.662109375000000000e-02
3.662109375000000000e-02
3.662109375000000000e-02
3.906250000000000000e-02
4.394531250000000000e-02
4.394531250000000000e-02
4.150390625000000000e-02
4.150390625000000000e-02
3.906250000000000000e-02
4.150390625000000000e-02
4.150390625000000000e-02
4.150390625000000000e-02
4.394531250000000000e-02
4.394531250000000000e-02
4.638671875000000000e-02
4.638671875000000000e-02
4.394531250000000000e-02
4.394531250000000000e-02
4.638671875000000000e-02
4.638671875000000000e-02
4.638671875000000000e-02
4.638671875000000000e-02
4.882812500000000000e-02
4.882812500000000000e-02
4.882812500000000000e-02
5.371093750000000000e-02
4.882812500000000000e-02
4.882812500000000000e-02
5.126953125000000000e-02
5.371093750000000000e-02
5.371093750000000000e-02
5.371093750000000000e-02
5.126953125000000000e-02
5.371093750000000000e-02
5.371093750000000000e-02
5.126953125000000000e-02
5.371093750000000000e-02
5.371093750000000000e-02
5.615234375000000000e-02
5.371093750000000000e-02
5.371093750000000000e-02
5.859375000000000000e-02
6.103515625000000000e-02
6.103515625000000000e-02
5.859375000000000000e-02
5.859375000000000000e-02
5.859375000000000000e-02
5.859375000000000000e-02
6.347656250000000000e-02
6.347656250000000000e-02
6.103515625000000000e-02
6.103515625000000000e-02
6.103515625000000000e-02
6.347656250000000000e-02
6.347656250000000000e-02
6.347656250000000000e-02
6.591796875000000000e-02
6.591796875000000000e-02
6.591796875000000000e-02
6.591796875000000000e-02
6.591796875000000000e-02
6.835937500000000000e-02
6.835937500000000000e-02
7.080078125000000000e-02
7.080078125000000000e-02
6.835937500000000000e-02
6.835937500000000000e-02
7.080078125000000000e-02
7.080078125000000000e-02
6.835937500000000000e-02
6.835937500000000000e-02
6.835937500000000000e-02
7.080078125000000000e-02
7.324218750000000000e-02
7.324218750000000000e-02
7.324218750000000000e-02
7.324218750000000000e-02
7.568359375000000000e-02
7.324218750000000000e-02
7.324218750000000000e-02
7.324218750000000000e-02
7.568359375000000000e-02
7.568359375000000000e-02
7.812500000000000000e-02
7.812500000000000000e-02
7.812500000000000000e-02
8.056640625000000000e-02
7.812500000000000000e-02
7.812500000000000000e-02
7.812500000000000000e-02
8.056640625000000000e-02
8.300781250000000000e-02
8.056640625000000000e-02
8.300781250000000000e-02
8.056640625000000000e-02
8.056640625000000000e-02
8.056640625000000000e-02
8.300781250000000000e-02
8.300781250000000000e-02
8.544921875000000000e-02
8.544921875000000000e-02
8.544921875000000000e-02
8.300781250000000000e-02
8.300781250000000000e-02
8.544921875000000000e-02
8.789062500000000000e-02
9.033203125000000000e-02
8.789062500000000000e-02
8.789062500000000000e-02
8.789062500000000000e-02
9.033203125000000000e-02
9.277343750000000000e-02
9.033203125000000000e-02
9.033203125000000000e-02
9.033203125000000000e-02
9.277343750000000000e-02
9.033203125000000000e-02
9.033203125000000000e-02
9.521484375000000000e-02
9.277343750000000000e-02
9.521484375000000000e-02
9.033203125000000000e-02
9.277343750000000000e-02
9.521484375000000000e-02
9.521484375000000000e-02
9.765625000000000000e-02
9.765625000000000000e-02
9.765625000000000000e-02
9.765625000000000000e-02
1.025390625000000000e-01
1.025390625000000000e-01
1.025390625000000000e-01
1.049804687500000000e-01
1.049804687500000000e-01
1.025390625000000000e-01
1.000976562500000000e-01
1.000976562500000000e-01
1.000976562500000000e-01
1.000976562500000000e-01
1.025390625000000000e-01
1.049804687500000000e-01
1.049804687500000000e-01
1.025390625000000000e-01
1.049804687500000000e-01
1.049804687500000000e-01
1.098632812500000000e-01
1.074218750000000000e-01
1.098632812500000000e-01
1.074218750000000000e-01
1.074218750000000000e-01
1.098632812500000000e-01
1.074218750000000000e-01
1.074218750000000000e-01
1.123046875000000000e-01
1.123046875000000000e-01
1.123046875000000000e-01
1.123046875000000000e-01
1.098632812500000000e-01
1.098632812500000000e-01
1.074218750000000000e-01
1.098632812500000000e-01
1.147460937500000000e-01
1.123046875000000000e-01
1.123046875000000000e-01
1.123046875000000000e-01
1.147460937500000000e-01
1.171875000000000000e-01
1.147460937500000000e-01
1.147460937500000000e-01
1.171875000000000000e-01
1.171875000000000000e-01
1.171875000000000000e-01
1.171875000000000000e-01
1.196289062500000000e-01
1.220703125000000000e-01
1.220703125000000000e-01
1.220703125000000000e-01
1.196289062500000000e-01
1.196289062500000000e-01
1.196289062500000000e-01
1.220703125000000000e-01
1.220703125000000000e-01
1.220703125000000000e-01
1.196289062500000000e-01
1.196289062500000000e-01
1.220703125000000000e-01
1.245117187500000000e-01
1.269531250000000000e-01
1.269531250000000000e-01
1.245117187500000000e-01
1.245117187500000000e-01
1.245117187500000000e-01
1.245117187500000000e-01
1.245117187500000000e-01
1.269531250000000000e-01
1.269531250000000000e-01
1.269531250000000000e-01
1.269531250000000000e-01
1.293945312500000000e-01
1.293945312500000000e-01
1.293945312500000000e-01
1.293945312500000000e-01
1.269531250000000000e-01
1.318359375000000000e-01
1.342773437500000000e-01
1.318359375000000000e-01
1.318359375000000000e-01
1.318359375000000000e-01
1.318359375000000000e-01
1.293945312500000000e-01
1.318359375000000000e-01
1.318359375000000000e-01
1.318359375000000000e-01
1.342773437500000000e-01
1.318359375000000000e-01
1.367187500000000000e-01
1.367187500000000000e-01
1.367187500000000000e-01
1.367187500000000000e-01
1.342773437500000000e-01
1.342773437500000000e-01
1.367187500000000000e-01
1.391601562500000000e-01
1.391601562500000000e-01
1.416015625000000000e-01
1.416015625000000000e-01
1.391601562500000000e-01
1.391601562500000000e-01
1.391601562500000000e-01
1.391601562500000000e-01
1.416015625000000000e-01
1.416015625000000000e-01
1.416015625000000000e-01
1.416015625000000000e-01
1.416015625000000000e-01
1.416015625000000000e-01
1.416015625000000000e-01
1.440429687500000000e-01
1.464843750000000000e-01
1.464843750000000000e-01
1.440429687500000000e-01
1.440429687500000000e-01
1.440429687500000000e-01
1.489257812500000000e-01
1.513671875000000000e-01
1.513671875000000000e-01
1.513671875000000000e-01
1.513671875000000000e-01
1.489257812500000000e-01
1.464843750000000000e-01
1.464843750000000000e-01
1.489257812500000000e-01
1.489257812500000000e-01
1.513671875000000000e-01
1.513671875000000000e-01
1.538085937500000000e-01
1.538085937500000000e-01
1.513671875000000000e-01
1.513671875000000000e-01
1.562500000000000000e-01
1.562500000000000000e-01
1.562500000000000000e-01
1.562500000000000000e-01
1.562500000000000000e-01
1.562500000000000000e-01
1.538085937500000000e-01
1.562500000000000000e-01
1.562500000000000000e-01
1.586914062500000000e-01
1.586914062500000000e-01
1.586914062500000000e-01
1.562500000000000000e-01
1.562500000000000000e-01
1.611328125000000000e-01
1.562500000000000000e-01
1.562500000000000000e-01
1.562500000000000000e-01
1.586914062500000000e-01
1.635742187500000000e-01
1.635742187500000000e-01
1.660156250000000000e-01
1.635742187500000000e-01
1.635742187500000000e-01
1.611328125000000000e-01
1.611328125000000000e-01
1.635742187500000000e-01
1.635742187500000000e-01
1.660156250000000000e-01
1.660156250000000000e-01
1.660156250000000000e-01
1.684570312500000000e-01
1.684570312500000000e-01
1.660156250000000000e-01
1.660156250000000000e-01
1.660156250000000000e-01
1.660156250000000000e-01
1.660156250000000000e-01
1.708984375000000000e-01
1.708984375000000000e-01
1.708984375000000000e-01
1.684570312500000000e-01
1.708984375000000000e-01
1.708984375000000000e-01
1.708984375000000000e-01
1.708984375000000000e-01
1.733398437500000000e-01
1.733398437500000000e-01
1.708984375000000000e-01
1.733398437500000000e-01
1.733398437500000000e-01
1.757812500000000000e-01
1.733398437500000000e-01
1.708984375000000000e-01
1.757812500000000000e-01
1.757812500000000000e-01
1.757812500000000000e-01
1.757812500000000000e-01
1.757812500000000000e-01
1.733398437500000000e-01
1.733398437500000000e-01
1.733398437500000000e-01
1.757812500000000000e-01
1.782226562500000000e-01
1.806640625000000000e-01
1.806640625000000000e-01
1.806640625000000000e-01
1.782226562500000000e-01
1.831054687500000000e-01
1.831054687500000000e-01
1.831054687500000000e-01
1.855468750000000000e-01
1.831054687500000000e-01
1.831054687500000000e-01
1.831054687500000000e-01
1.831054687500000000e-01
1.855468750000000000e-01
1.879882812500000000e-01
1.904296875000000000e-01
1.904296875000000000e-01
1.904296875000000000e-01
1.879882812500000000e-01
1.879882812500000000e-01
1.855468750000000000e-01
1.879882812500000000e-01
1.879882812500000000e-01
1.904296875000000000e-01
1.928710937500000000e-01
1.879882812500000000e-01
1.879882812500000000e-01
1.904296875000000000e-01
1.904296875000000000e-01
1.928710937500000000e-01
1.953125000000000000e-01
1.953125000000000000e-01
1.928710937500000000e-01
1.928710937500000000e-01
1.953125000000000000e-01
1.928710937500000000e-01
1.953125000000000000e-01
1.977539062500000000e-01
2.001953125000000000e-01
2.001953125000000000e-01
2.001953125000000000e-01
1.977539062500000000e-01
1.977539062500000000e-01
1.953125000000000000e-01
1.977539062500000000e-01
2.001953125000000000e-01
2.001953125000000000e-01
1.977539062500000000e-01
2.001953125000000000e-01
2.001953125000000000e-01
2.001953125000000000e-01
2.001953125000000000e-01
2.001953125000000000e-01
2.026367187500000000e-01
2.050781250000000000e-01
2.050781250000000000e-01
2.050781250000000000e-01
2.050781250000000000e-01
2.075195312500000000e-01
2.099609375000000000e-01
2.075195312500000000e-01
2.124023437500000000e-01
2.075195312500000000e-01
2.075195312500000000e-01
2.075195312500000000e-01
2.099609375000000000e-01
2.099609375000000000e-01
2.099609375000000000e-01
2.099609375000000000e-01
2.099609375000000000e-01
2.099609375000000000e-01
2.124023437500000000e-01
2.172851562500000000e-01
2.172851562500000000e-01
2.148437500000000000e-01
2.148437500000000000e-01
2.148437500000000000e-01
2.148437500000000000e-01
2.148437500000000000e-01
2.148437500000000000e-01
2.172851562500000000e-01
2.197265625000000000e-01
2.197265625000000000e-01
2.197265625000000000e-01
2.221679687500000000e-01
2.221679687500000000e-01
2.221679687500000000e-01
2.246093750000000000e-01
2.246093750000000000e-01
2.221679687500000000e-01
2.221679687500000000e-01
2.221679687500000000e-01
2.246093750000000000e-01
2.221679687500000000e-01
2.221679687500000000e-01
2.246093750000000000e-01
2.270507812500000000e-01
2.246093750000000000e-01
2.270507812500000000e-01
2.294921875000000000e-01
2.294921875000000000e-01
2.319335937500000000e-01
2.270507812500000000e-01
2.270507812500000000e-01
2.270507812500000000e-01
2.319335937500000000e-01
2.294921875000000000e-01
2.343750000000000000e-01
2.343750000000000000e-01
2.319335937500000000e-01
2.319335937500000000e-01
2.319335937500000000e-01
2.294921875000000000e-01
2.319335937500000000e-01
2.343750000000000000e-01
2.343750000000000000e-01
2.368164062500000000e-01
2.392578125000000000e-01
2.368164062500000000e-01
2.392578125000000000e-01
2.392578125000000000e-01
2.392578125000000000e-01
2.368164062500000000e-01
2.392578125000000000e-01
2.392578125000000000e-01
2.416992187500000000e-01
2.416992187500000000e-01
2.416992187500000000e-01
2.416992187500000000e-01
2.441406250000000000e-01
2.441406250000000000e-01
2.416992187500000000e-01
2.392578125000000000e-01
2.416992187500000000e-01
2.416992187500000000e-01
2.441406250000000000e-01
2.465820312500000000e-01
2.441406250000000000e-01
2.465820312500000000e-01
2.490234375000000000e-01
2.465820312500000000e-01
2.490234375000000000e-01
2.490234375000000000e-01
2.465820312500000000e-01
2.490234375000000000e-01
2.490234375000000000e-01
2.441406250000000000e-01
2.490234375000000000e-01
2.490234375000000000e-01
2.514648437500000000e-01
2.514648437500000000e-01
2.539062500000000000e-01
2.539062500000000000e-01
2.539062500000000000e-01
2.539062500000000000e-01
2.539062500000000000e-01
2.539062500000000000e-01
2.563476562500000000e-01
2.587890625000000000e-01
2.563476562500000000e-01
2.563476562500000000e-01
2.563476562500000000e-01
2.563476562500000000e-01
2.587890625000000000e-01
2.612304687500000000e-01
2.612304687500000000e-01
2.612304687500000000e-01
2.612304687500000000e-01
2.636718750000000000e-01
2.636718750000000000e-01
2.661132812500000000e-01
2.661132812500000000e-01
2.636718750000000000e-01
2.636718750000000000e-01
2.661132812500000000e-01
2.685546875000000000e-01
2.661132812500000000e-01
2.661132812500000000e-01
2.661132812500000000e-01
2.661132812500000000e-01
2.685546875000000000e-01
2.685546875000000000e-01
2.709960937500000000e-01
2.734375000000000000e-01
2.734375000000000000e-01
2.734375000000000000e-01
2.685546875000000000e-01
2.709960937500000000e-01
2.709960937500000000e-01
2.734375000000000000e-01
2.734375000000000000e-01
2.758789062500000000e-01
2.758789062500000000e-01
2.734375000000000000e-01
2.734375000000000000e-01
2.734375000000000000e-01
2.783203125000000000e-01
2.807617187500000000e-01
2.832031250000000000e-01
2.783203125000000000e-01
2.783203125000000000e-01
2.783203125000000000e-01
2.783203125000000000e-01
2.783203125000000000e-01
2.807617187500000000e-01
2.807617187500000000e-01
2.807617187500000000e-01
2.832031250000000000e-01
2.807617187500000000e-01
2.807617187500000000e-01
2.807617187500000000e-01
2.832031250000000000e-01
2.856445312500000000e-01
2.856445312500000000e-01
2.856445312500000000e-01
2.856445312500000000e-01
2.880859375000000000e-01
2.880859375000000000e-01
2.905273437500000000e-01
2.905273437500000000e-01
2.929687500000000000e-01
2.905273437500000000e-01
2.856445312500000000e-01
2.880859375000000000e-01
2.880859375000000000e-01
2.880859375000000000e-01
2.905273437500000000e-01
2.929687500000000000e-01
2.954101562500000000e-01
2.929687500000000000e-01
2.929687500000000000e-01
2.929687500000000000e-01
2.978515625000000000e-01
2.954101562500000000e-01
2.954101562500000000e-01
2.978515625000000000e-01
2.954101562500000000e-01
2.978515625000000000e-01
2.978515625000000000e-01
2.978515625000000000e-01
3.002929687500000000e-01
3.027343750000000000e-01
3.051757812500000000e-01
3.027343750000000000e-01
3.027343750000000000e-01
3.002929687500000000e-01
3.002929687500000000e-01
3.027343750000000000e-01
3.027343750000000000e-01
3.051757812500000000e-01
3.027343750000000000e-01
3.027343750000000000e-01
3.027343750000000000e-01
3.027343750000000000e-01
3.027343750000000000e-01
3.027343750000000000e-01
3.051757812500000000e-01
3.051757812500000000e-01
3.027343750000000000e-01
3.051757812500000000e-01
3.076171875000000000e-01
3.076171875000000000e-01
3.125000000000000000e-01
3.125000000000000000e-01
3.100585937500000000e-01
3.149414062500000000e-01
3.125000000000000000e-01
3.100585937500000000e-01
3.100585937500000000e-01
3.100585937500000000e-01
3.100585937500000000e-01
3.100585937500000000e-01
3.125000000000000000e-01
3.125000000000000000e-01
3.125000000000000000e-01
3.125000000000000000e-01
3.125000000000000000e-01
3.100585937500000000e-01
3.149414062500000000e-01
3.173828125000000000e-01
3.149414062500000000e-01
3.198242187500000000e-01
3.198242187500000000e-01
3.198242187500000000e-01
3.173828125000000000e-01
3.173828125000000000e-01
3.222656250000000000e-01
3.198242187500000000e-01
3.222656250000000000e-01
3.198242187500000000e-01
3.198242187500000000e-01
3.222656250000000000e-01
3.247070312500000000e-01
3.222656250000000000e-01
3.198242187500000000e-01
3.222656250000000000e-01
3.247070312500000000e-01
3.247070312500000000e-01
3.247070312500000000e-01
3.247070312500000000e-01
3.295898437500000000e-01
3.295898437500000000e-01
3.295898437500000000e-01
3.295898437500000000e-01
3.295898437500000000e-01
3.295898437500000000e-01
3.295898437500000000e-01
3.271484375000000000e-01
3.295898437500000000e-01
3.295898437500000000e-01
3.320312500000000000e-01
3.344726562500000000e-01
3.320312500000000000e-01
3.344726562500000000e-01
3.320312500000000000e-01
3.295898437500000000e-01
3.344726562500000000e-01
3.369140625000000000e-01
3.344726562500000000e-01
3.344726562500000000e-01
3.369140625000000000e-01
3.369140625000000000e-01
3.344726562500000000e-01
3.369140625000000000e-01
3.369140625000000000e-01
3.369140625000000000e-01
3.369140625000000000e-01
3.369140625000000000e-01
3.369140625000000000e-01
3.393554687500000000e-01
3.393554687500000000e-01
3.417968750000000000e-01
3.442382812500000000e-01
3.442382812500000000e-01
3.417968750000000000e-01
3.417968750000000000e-01
3.417968750000000000e-01
3.442382812500000000e-01
3.442382812500000000e-01
3.466796875000000000e-01
3.442382812500000000e-01
3.442382812500000000e-01
3.466796875000000000e-01
3.466796875000000000e-01
3.466796875000000000e-01
3.442382812500000000e-01
3.466796875000000000e-01
3.466796875000000000e-01
3.491210937500000000e-01
3.466796875000000000e-01
3.442382812500000000e-01
3.466796875000000000e-01
3.442382812500000000e-01
3.466796875000000000e-01
3.515625000000000000e-01
3.540039062500000000e-01
3.540039062500000000e-01
3.515625000000000000e-01
3.515625000000000000e-01
3.491210937500000000e-01
3.515625000000000000e-01
3.515625000000000000e-01
3.515625000000000000e-01
3.540039062500000000e-01
3.540039062500000000e-01
3.564453125000000000e-01
3.564453125000000000e-01
3.515625000000000000e-01
3.515625000000000000e-01
3.540039062500000000e-01
3.564453125000000000e-01
3.564453125000000000e-01
3.564453125000000000e-01
3.564453125000000000e-01
3.613281250000000000e-01
3.613281250000000000e-01
3.588867187500000000e-01
3.588867187500000000e-01
3.588867187500000000e-01
3.637695312500000000e-01
3.613281250000000000e-01
3.637695312500000000e-01
3.613281250000000000e-01
3.613281250000000000e-01
3.613281250000000000e-01
3.613281250000000000e-01
3.637695312500000000e-01
3.637695312500000000e-01
3.637695312500000000e-01
3.662109375000000000e-01
3.686523437500000000e-01
3.662109375000000000e-01
3.710937500000000000e-01
3.686523437500000000e-01
3.710937500000000000e-01
3.686523437500000000e-01
3.686523437500000000e-01
3.710937500000000000e-01
3.735351562500000000e-01
3.735351562500000000e-01
3.710937500000000000e-01
3.710937500000000000e-01
3.710937500000000000e-01
3.759765625000000000e-01
3.735351562500000000e-01
3.759765625000000000e-01
3.759765625000000000e-01
3.759765625000000000e-01
3.784179687500000000e-01
3.735351562500000000e-01
3.759765625000000000e-01
3.759765625000000000e-01
3.784179687500000000e-01
3.784179687500000000e-01
3.759765625000000000e-01
3.784179687500000000e-01
3.808593750000000000e-01
3.808593750000000000e-01
3.808593750000000000e-01
3.808593750000000000e-01
3.833007812500000000e-01
3.857421875000000000e-01
3.881835937500000000e-01
3.857421875000000000e-01
3.833007812500000000e-01
3.833007812500000000e-01
3.833007812500000000e-01
3.833007812500000000e-01
3.857421875000000000e-01
3.881835937500000000e-01
3.881835937500000000e-01
3.857421875000000000e-01
3.857421875000000000e-01
3.881835937500000000e-01
3.906250000000000000e-01
3.906250000000000000e-01
3.930664062500000000e-01
3.906250000000000000e-01
3.906250000000000000e-01
3.906250000000000000e-01
3.930664062500000000e-01
3.955078125000000000e-01
3.955078125000000000e-01
3.979492187500000000e-01
3.955078125000000000e-01
3.955078125000000000e-01
3.979492187500000000e-01
3.979492187500000000e-01
4.003906250000000000e-01
4.003906250000000000e-01
4.028320312500000000e-01
3.979492187500000000e-01
4.003906250000000000e-01
3.979492187500000000e-01
3.979492187500000000e-01
4.003906250000000000e-01
4.003906250000000000e-01
4.028320312500000000e-01
4.052734375000000000e-01
4.028320312500000000e-01
4.052734375000000000e-01
4.052734375000000000e-01
4.077148437500000000e-01
4.052734375000000000e-01
4.052734375000000000e-01
4.077148437500000000e-01
4.077148437500000000e-01
4.101562500000000000e-01
4.101562500000000000e-01
4.101562500000000000e-01
4.077148437500000000e-01
4.077148437500000000e-01
4.077148437500000000e-01
4.101562500000000000e-01
4.077148437500000000e-01
4.101562500000000000e-01
4.101562500000000000e-01
4.125976562500000000e-01
4.101562500000000000e-01
4.101562500000000000e-01
4.101562500000000000e-01
4.125976562500000000e-01
4.125976562500000000e-01
4.125976562500000000e-01
4.150390625000000000e-01
4.150390625000000000e-01
4.174804687500000000e-01
4.174804687500000000e-01
4.150390625000000000e-01
4.150390625000000000e-01
4.174804687500000000e-01
4.174804687500000000e-01
4.174804687500000000e-01
4.199218750000000000e-01
4.199218750000000000e-01
4.199218750000000000e-01
4.174804687500000000e-01
4.199218750000000000e-01
4.223632812500000000e-01
4.248046875000000000e-01
4.199218750000000000e-01
4.199218750000000000e-01
4.199218750000000000e-01
4.223632812500000000e-01
4.248046875000000000e-01
4.248046875000000000e-01
4.272460937500000000e-01
4.248046875000000000e-01
4.248046875000000000e-01
4.248046875000000000e-01
4.248046875000000000e-01
4.272460937500000000e-01
4.296875000000000000e-01
4.296875000000000000e-01
4.296875000000000000e-01
4.321289062500000000e-01
4.296875000000000000e-01
4.296875000000000000e-01
4.296875000000000000e-01
4.321289062500000000e-01
4.321289062500000000e-01
4.321289062500000000e-01
4.321289062500000000e-01
4.345703125000000000e-01
4.370117187500000000e-01
4.370117187500000000e-01
4.370117187500000000e-01
4.370117187500000000e-01
4.370117187500000000e-01
4.370117187500000000e-01
4.370117187500000000e-01
4.394531250000000000e-01
4.394531250000000000e-01
4.418945312500000000e-01
4.418945312500000000e-01
4.418945312500000000e-01
4.418945312500000000e-01
4.394531250000000000e-01
4.394531250000000000e-01
4.418945312500000000e-01
4.443359375000000000e-01
4.418945312500000000e-01
4.443359375000000000e-01
4.443359375000000000e-01
4.443359375000000000e-01
4.443359375000000000e-01
4.467773437500000000e-01
4.492187500000000000e-01
4.492187500000000000e-01
4.492187500000000000e-01
4.467773437500000000e-01
4.492187500000000000e-01
4.467773437500000000e-01
4.492187500000000000e-01
4.492187500000000000e-01
4.516601562500000000e-01
4.516601562500000000e-01
4.516601562500000000e-01
4.541015625000000000e-01
4.541015625000000000e-01
4.516601562500000000e-01
4.541015625000000000e-01
4.541015625000000000e-01
4.565429687500000000e-01
4.589843750000000000e-01
4.565429687500000000e-01
4.565429687500000000e-01
4.565429687500000000e-01
4.589843750000000000e-01
4.589843750000000000e-01
4.589843750000000000e-01
4.589843750000000000e-01
4.589843750000000000e-01
4.614257812500000000e-01
4.638671875000000000e-01
4.638671875000000000e-01
4.663085937500000000e-01
4.663085937500000000e-01
4.663085937500000000e-01
4.638671875000000000e-01
4.638671875000000000e-01
4.663085937500000000e-01
4.663085937500000000e-01
4.687500000000000000e-01
4.687500000000000000e-01
4.663085937500000000e-01
4.687500000000000000e-01
4.687500000000000000e-01
4.711914062500000000e-01
4.711914062500000000e-01
4.687500000000000000e-01
4.711914062500000000e-01
4.736328125000000000e-01
4.736328125000000000e-01
4.736328125000000000e-01
4.711914062500000000e-01
4.711914062500000000e-01
4.760742187500000000e-01
4.760742187500000000e-01
4.736328125000000000e-01
4.736328125000000000e-01
4.760742187500000000e-01
4.809570312500000000e-01
4.809570312500000000e-01
4.785156250000000000e-01
4.809570312500000000e-01
4.809570312500000000e-01
4.833984375000000000e-01
4.833984375000000000e-01
4.809570312500000000e-01
4.785156250000000000e-01
4.809570312500000000e-01
4.833984375000000000e-01
4.833984375000000000e-01
4.833984375000000000e-01
4.809570312500000000e-01
4.833984375000000000e-01
4.882812500000000000e-01
4.882812500000000000e-01
4.858398437500000000e-01
4.858398437500000000e-01
4.882812500000000000e-01
4.882812500000000000e-01
4.882812500000000000e-01
4.882812500000000000e-01
4.907226562500000000e-01
4.931640625000000000e-01
4.907226562500000000e-01
4.882812500000000000e-01
4.907226562500000000e-01
4.882812500000000000e-01
4.907226562500000000e-01
4.931640625000000000e-01
4.931640625000000000e-01
4.956054687500000000e-01
4.956054687500000000e-01
4.956054687500000000e-01
4.931640625000000000e-01
4.931640625000000000e-01
4.956054687500000000e-01
4.980468750000000000e-01
4.980468750000000000e-01
4.980468750000000000e-01
4.980468750000000000e-01
4.956054687500000000e-01
4.980468750000000000e-01
5.004882812500000000e-01
5.004882812500000000e-01
5.053710937500000000e-01
5.029296875000000000e-01
5.029296875000000000e-01
5.029296875000000000e-01
5.029296875000000000e-01
5.053710937500000000e-01
5.053710937500000000e-01
5.053710937500000000e-01
5.029296875000000000e-01
5.053710937500000000e-01
5.053710937500000000e-01
5.078125000000000000e-01
5.053710937500000000e-01
5.102539062500000000e-01
5.102539062500000000e-01
5.078125000000000000e-01
5.078125000000000000e-01
5.126953125000000000e-01
5.126953125000000000e-01
5.151367187500000000e-01
5.102539062500000000e-01
5.126953125000000000e-01
5.126953125000000000e-01
5.151367187500000000e-01
5.151367187500000000e-01
5.126953125000000000e-01
5.151367187500000000e-01
5.151367187500000000e-01
5.175781250000000000e-01
5.175781250000000000e-01
5.175781250000000000e-01
5.200195312500000000e-01
5.200195312500000000e-01
5.175781250000000000e-01
5.175781250000000000e-01
5.175781250000000000e-01
5.224609375000000000e-01
5.200195312500000000e-01
5.200195312500000000e-01
5.200195312500000000e-01
5.200195312500000000e-01
5.200195312500000000e-01
5.224609375000000000e-01
5.224609375000000000e-01
5.273437500000000000e-01
5.297851562500000000e-01
5.273437500000000000e-01
5.249023437500000000e-01
5.273437500000000000e-01
5.273437500000000000e-01
5.297851562500000000e-01
5.273437500000000000e-01
5.249023437500000000e-01
5.249023437500000000e-01
5.249023437500000000e-01
5.273437500000000000e-01
5.273437500000000000e-01
5.297851562500000000e-01
5.322265625000000000e-01
5.273437500000000000e-01
5.297851562500000000e-01
5.297851562500000000e-01
5.273437500000000000e-01
5.297851562500000000e-01
5.322265625000000000e-01
5.371093750000000000e-01
5.371093750000000000e-01
5.371093750000000000e-01
5.371093750000000000e-01
5.346679687500000000e-01
5.371093750000000000e-01
5.395507812500000000e-01
5.395507812500000000e-01
5.371093750000000000e-01
5.371093750000000000e-01
5.395507812500000000e-01
5.395507812500000000e-01
5.444335937500000000e-01
5.419921875000000000e-01
5.419921875000000000e-01
5.468750000000000000e-01
5.468750000000000000e-01
5.444335937500000000e-01
5.419921875000000000e-01
5.444335937500000000e-01
5.444335937500000000e-01
5.468750000000000000e-01
5.444335937500000000e-01
5.444335937500000000e-01
5.468750000000000000e-01
5.493164062500000000e-01
5.493164062500000000e-01
5.493164062500000000e-01
5.493164062500000000e-01
5.493164062500000000e-01
5.493164062500000000e-01
5.517578125000000000e-01
5.517578125000000000e-01
5.541992187500000000e-01
5.541992187500000000e-01
5.541992187500000000e-01
5.541992187500000000e-01
5.541992187500000000e-01
5.541992187500000000e-01
5.541992187500000000e-01
5.566406250000000000e-01
5.590820312500000000e-01
5.590820312500000000e-01
5.566406250000000000e-01
5.566406250000000000e-01
5.566406250000000000e-01
5.615234375000000000e-01
5.615234375000000000e-01
5.639648437500000000e-01
5.639648437500000000e-01
5.639648437500000000e-01
5.590820312500000000e-01
5.615234375000000000e-01
5.590820312500000000e-01
5.615234375000000000e-01
5.639648437500000000e-01
5.639648437500000000e-01
5.639648437500000000e-01
5.664062500000000000e-01
5.639648437500000000e-01
5.688476562500000000e-01
5.688476562500000000e-01
5.688476562500000000e-01
5.688476562500000000e-01
5.688476562500000000e-01
5.688476562500000000e-01
5.688476562500000000e-01
5.712890625000000000e-01
5.712890625000000000e-01
5.737304687500000000e-01
5.737304687500000000e-01
5.712890625000000000e-01
5.712890625000000000e-01
5.712890625000000000e-01
5.761718750000000000e-01
5.761718750000000000e-01
5.810546875000000000e-01
5.786132812500000000e-01
5.761718750000000000e-01
5.761718750000000000e-01
5.761718750000000000e-01
5.761718750000000000e-01
5.810546875000000000e-01
5.810546875000000000e-01
5.810546875000000000e-01
5.786132812500000000e-01
5.786132812500000000e-01
5.786132812500000000e-01
5.786132812500000000e-01
5.786132812500000000e-01
5.834960937500000000e-01
5.834960937500000000e-01
5.834960937500000000e-01
5.883789062500000000e-01
5.859375000000000000e-01
5.859375000000000000e-01
5.859375000000000000e-01
5.859375000000000000e-01
5.883789062500000000e-01
5.883789062500000000e-01
5.908203125000000000e-01
5.859375000000000000e-01
5.883789062500000000e-01
5.883789062500000000e-01
5.908203125000000000e-01
5.908203125000000000e-01
5.908203125000000000e-01
5.908203125000000000e-01
5.908203125000000000e-01
5.932617187500000000e-01
5.957031250000000000e-01
5.932617187500000000e-01
5.932617187500000000e-01
5.932617187500000000e-01
5.957031250000000000e-01
5.981445312500000000e-01
5.981445312500000000e-01
6.005859375000000000e-01
5.981445312500000000e-01
5.981445312500000000e-01
5.981445312500000000e-01
6.005859375000000000e-01
6.030273437500000000e-01
6.005859375000000000e-01
6.054687500000000000e-01
6.030273437500000000e-01
6.030273437500000000e-01
6.030273437500000000e-01
6.030273437500000000e-01
6.030273437500000000e-01
6.030273437500000000e-01
6.079101562500000000e-01
6.079101562500000000e-01
6.079101562500000000e-01
6.054687500000000000e-01
6.103515625000000000e-01
6.103515625000000000e-01
6.127929687500000000e-01
6.127929687500000000e-01
6.127929687500000000e-01
6.152343750000000000e-01
6.152343750000000000e-01
6.127929687500000000e-01
6.103515625000000000e-01
6.127929687500000000e-01
6.127929687500000000e-01
6.152343750000000000e-01
6.176757812500000000e-01
6.201171875000000000e-01
6.176757812500000000e-01
6.176757812500000000e-01
6.176757812500000000e-01
6.176757812500000000e-01
6.201171875000000000e-01
6.201171875000000000e-01
6.201171875000000000e-01
6.201171875000000000e-01
6.225585937500000000e-01
6.250000000000000000e-01
6.250000000000000000e-01
6.250000000000000000e-01
6.274414062500000000e-01
6.298828125000000000e-01
6.274414062500000000e-01
6.274414062500000000e-01
6.274414062500000000e-01
6.274414062500000000e-01
6.274414062500000000e-01
6.298828125000000000e-01
6.274414062500000000e-01
6.274414062500000000e-01
6.298828125000000000e-01
6.323242187500000000e-01
6.347656250000000000e-01
6.347656250000000000e-01
6.347656250000000000e-01
6.347656250000000000e-01
6.372070312500000000e-01
6.372070312500000000e-01
6.347656250000000000e-01
6.372070312500000000e-01
6.396484375000000000e-01
6.420898437500000000e-01
6.420898437500000000e-01
6.396484375000000000e-01
6.420898437500000000e-01
6.396484375000000000e-01
6.396484375000000000e-01
6.445312500000000000e-01
6.445312500000000000e-01
6.420898437500000000e-01
6.420898437500000000e-01
6.445312500000000000e-01
6.445312500000000000e-01
6.445312500000000000e-01
6.445312500000000000e-01
6.494140625000000000e-01
6.494140625000000000e-01
6.469726562500000000e-01
6.469726562500000000e-01
6.494140625000000000e-01
6.518554687500000000e-01
6.494140625000000000e-01
6.494140625000000000e-01
6.494140625000000000e-01
6.518554687500000000e-01
6.542968750000000000e-01
6.567382812500000000e-01
6.567382812500000000e-01
6.567382812500000000e-01
6.542968750000000000e-01
6.542968750000000000e-01
6.567382812500000000e-01
6.591796875000000000e-01
6.591796875000000000e-01
6.567382812500000000e-01
6.567382812500000000e-01
6.542968750000000000e-01
6.567382812500000000e-01
6.591796875000000000e-01
6.616210937500000000e-01
6.616210937500000000e-01
6.640625000000000000e-01
6.640625000000000000e-01
6.640625000000000000e-01
6.640625000000000000e-01
6.640625000000000000e-01
6.665039062500000000e-01
6.689453125000000000e-01
6.689453125000000000e-01
6.665039062500000000e-01
6.665039062500000000e-01
6.665039062500000000e-01
6.665039062500000000e-01
6.713867187500000000e-01
6.713867187500000000e-01
6.738281250000000000e-01
6.713867187500000000e-01
6.738281250000000000e-01
6.713867187500000000e-01
6.762695312500000000e-01
6.762695312500000000e-01
6.762695312500000000e-01
6.762695312500000000e-01
6.762695312500000000e-01
6.762695312500000000e-01
6.762695312500000000e-01
6.787109375000000000e-01
6.787109375000000000e-01
6.811523437500000000e-01
6.835937500000000000e-01
6.835937500000000000e-01
6.811523437500000000e-01
6.835937500000000000e-01
6.835937500000000000e-01
6.835937500000000000e-01
6.835937500000000000e-01
6.860351562500000000e-01
6.860351562500000000e-01
6.884765625000000000e-01
6.860351562500000000e-01
6.884765625000000000e-01
6.884765625000000000e-01
6.884765625000000000e-01
6.909179687500000000e-01
6.909179687500000000e-01
6.933593750000000000e-01
6.884765625000000000e-01
6.909179687500000000e-01
6.909179687500000000e-01
6.909179687500000000e-01
6.933593750000000000e-01
6.933593750000000000e-01
6.982421875000000000e-01
6.982421875000000000e-01
6.958007812500000000e-01
6.958007812500000000e-01
6.982421875000000000e-01
7.006835937500000000e-01
7.006835937500000000e-01
7.006835937500000000e-01
7.006835937500000000e-01
6.982421875000000000e-01
7.006835937500000000e-01
7.006835937500000000e-01
7.031250000000000000e-01
7.031250000000000000e-01
7.006835937500000000e-01
7.031250000000000000e-01
7.031250000000000000e-01
7.055664062500000000e-01
7.055664062500000000e-01
7.055664062500000000e-01
7.104492187500000000e-01
7.080078125000000000e-01
7.080078125000000000e-01
7.104492187500000000e-01
7.104492187500000000e-01
7.128906250000000000e-01
7.104492187500000000e-01
7.104492187500000000e-01
7.080078125000000000e-01
7.128906250000000000e-01
7.153320312500000000e-01
7.128906250000000000e-01
7.128906250000000000e-01
7.153320312500000000e-01
7.177734375000000000e-01
7.177734375000000000e-01
7.177734375000000000e-01
7.177734375000000000e-01
7.153320312500000000e-01
7.177734375000000000e-01
7.202148437500000000e-01
7.202148437500000000e-01
7.202148437500000000e-01
7.226562500000000000e-01
7.226562500000000000e-01
7.226562500000000000e-01
7.226562500000000000e-01
7.250976562500000000e-01
7.250976562500000000e-01
7.275390625000000000e-01
7.250976562500000000e-01
7.250976562500000000e-01
7.250976562500000000e-01
7.275390625000000000e-01
7.275390625000000000e-01
7.275390625000000000e-01
7.299804687500000000e-01
7.275390625000000000e-01
7.275390625000000000e-01
7.275390625000000000e-01
7.324218750000000000e-01
7.324218750000000000e-01
7.324218750000000000e-01
7.324218750000000000e-01
7.324218750000000000e-01
7.348632812500000000e-01
7.373046875000000000e-01
7.373046875000000000e-01
7.373046875000000000e-01
7.397460937500000000e-01
7.373046875000000000e-01
7.373046875000000000e-01
7.397460937500000000e-01
7.397460937500000000e-01
7.421875000000000000e-01
7.421875000000000000e-01
7.421875000000000000e-01
7.421875000000000000e-01
7.421875000000000000e-01
7.446289062500000000e-01
7.446289062500000000e-01
7.446289062500000000e-01
7.470703125000000000e-01
7.495117187500000000e-01
7.495117187500000000e-01
7.495117187500000000e-01
7.495117187500000000e-01
7.519531250000000000e-01
7.519531250000000000e-01
7.495117187500000000e-01
7.495117187500000000e-01
7.519531250000000000e-01
7.519531250000000000e-01
7.519531250000000000e-01
7.543945312500000000e-01
7.543945312500000000e-01
7.543945312500000000e-01
7.543945312500000000e-01
7.568359375000000000e-01
7.568359375000000000e-01
7.568359375000000000e-01
7.568359375000000000e-01
7.568359375000000000e-01
7.592773437500000000e-01
7.592773437500000000e-01
7.617187500000000000e-01
7.617187500000000000e-01
7.592773437500000000e-01
7.641601562500000000e-01
7.641601562500000000e-01
7.641601562500000000e-01
7.641601562500000000e-01
7.666015625000000000e-01
7.690429687500000000e-01
7.666015625000000000e-01
7.666015625000000000e-01
7.690429687500000000e-01
7.690429687500000000e-01
7.739257812500000000e-01
7.739257812500000000e-01
7.739257812500000000e-01
7.763671875000000000e-01
7.714843750000000000e-01
7.714843750000000000e-01
7.714843750000000000e-01
7.739257812500000000e-01
7.763671875000000000e-01
7.763671875000000000e-01
7.788085937500000000e-01
7.788085937500000000e-01
7.788085937500000000e-01
7.812500000000000000e-01
7.836914062500000000e-01
7.788085937500000000e-01
7.788085937500000000e-01
7.812500000000000000e-01
7.836914062500000000e-01
7.836914062500000000e-01
7.836914062500000000e-01
7.861328125000000000e-01
7.861328125000000000e-01
7.836914062500000000e-01
7.836914062500000000e-01
7.861328125000000000e-01
7.885742187500000000e-01
7.885742187500000000e-01
7.910156250000000000e-01
7.910156250000000000e-01
7.910156250000000000e-01
7.910156250000000000e-01
7.910156250000000000e-01
7.910156250000000000e-01
7.934570312500000000e-01
7.934570312500000000e-01
7.934570312500000000e-01
7.958984375000000000e-01
7.983398437500000000e-01
7.983398437500000000e-01
7.983398437500000000e-01
7.958984375000000000e-01
7.983398437500000000e-01
8.007812500000000000e-01
7.983398437500000000e-01
7.983398437500000000e-01
7.983398437500000000e-01
7.983398437500000000e-01
7.983398437500000000e-01
8.032226562500000000e-01
8.032226562500000000e-01
8.056640625000000000e-01
8.032226562500000000e-01
8.032226562500000000e-01
8.056640625000000000e-01
8.081054687500000000e-01
8.056640625000000000e-01
8.081054687500000000e-01
8.105468750000000000e-01
8.081054687500000000e-01
8.081054687500000000e-01
8.105468750000000000e-01
8.105468750000000000e-01
8.129882812500000000e-01
8.154296875000000000e-01
8.178710937500000000e-01
8.154296875000000000e-01
8.154296875000000000e-01
8.178710937500000000e-01
8.154296875000000000e-01
8.154296875000000000e-01
8.154296875000000000e-01
8.154296875000000000e-01
8.203125000000000000e-01
8.203125000000000000e-01
8.227539062500000000e-01
8.227539062500000000e-01
8.227539062500000000e-01
8.203125000000000000e-01
8.227539062500000000e-01
8.227539062500000000e-01
8.251953125000000000e-01
8.251953125000000000e-01
8.276367187500000000e-01
8.276367187500000000e-01
8.276367187500000000e-01
8.276367187500000000e-01
8.300781250000000000e-01
8.300781250000000000e-01
8.300781250000000000e-01
8.300781250000000000e-01
8.276367187500000000e-01
8.300781250000000000e-01
8.325195312500000000e-01
8.349609375000000000e-01
8.349609375000000000e-01
8.325195312500000000e-01
8.349609375000000000e-01
8.349609375000000000e-01
8.349609375000000000e-01
8.374023437500000000e-01
8.374023437500000000e-01
8.398437500000000000e-01
8.398437500000000000e-01
8.374023437500000000e-01
8.374023437500000000e-01
8.398437500000000000e-01
8.422851562500000000e-01
8.422851562500000000e-01
8.422851562500000000e-01
8.422851562500000000e-01
8.422851562500000000e-01
8.447265625000000000e-01
8.422851562500000000e-01
8.471679687500000000e-01
8.471679687500000000e-01
8.496093750000000000e-01
8.471679687500000000e-01
8.471679687500000000e-01
8.471679687500000000e-01
8.471679687500000000e-01
8.496093750000000000e-01
8.496093750000000000e-01
8.496093750000000000e-01
8.520507812500000000e-01
8.544921875000000000e-01
8.544921875000000000e-01
8.544921875000000000e-01
8.569335937500000000e-01
8.569335937500000000e-01
8.569335937500000000e-01
8.593750000000000000e-01
8.618164062500000000e-01
8.618164062500000000e-01
8.593750000000000000e-01
8.618164062500000000e-01
8.618164062500000000e-01
8.642578125000000000e-01
8.666992187500000000e-01
8.642578125000000000e-01
8.642578125000000000e-01
8.642578125000000000e-01
8.642578125000000000e-01
8.666992187500000000e-01
8.642578125000000000e-01
8.691406250000000000e-01
8.715820312500000000e-01
8.715820312500000000e-01
8.691406250000000000e-01
8.691406250000000000e-01
8.715820312500000000e-01
8.715820312500000000e-01
8.691406250000000000e-01
8.715820312500000000e-01
8.764648437500000000e-01
8.789062500000000000e-01
8.789062500000000000e-01
8.764648437500000000e-01
8.740234375000000000e-01
8.740234375000000000e-01
8.789062500000000000e-01
8.789062500000000000e-01
8.764648437500000000e-01
8.789062500000000000e-01
8.764648437500000000e-01
8.789062500000000000e-01
8.837890625000000000e-01
8.837890625000000000e-01
8.813476562500000000e-01
8.813476562500000000e-01
8.837890625000000000e-01
8.837890625000000000e-01
8.862304687500000000e-01
8.886718750000000000e-01
8.862304687500000000e-01
8.862304687500000000e-01
8.862304687500000000e-01
8.862304687500000000e-01
8.886718750000000000e-01
8.935546875000000000e-01
8.935546875000000000e-01
8.911132812500000000e-01
8.911132812500000000e-01
8.886718750000000000e-01
8.886718750000000000e-01
8.911132812500000000e-01
8.935546875000000000e-01
8.935546875000000000e-01
8.959960937500000000e-01
8.959960937500000000e-01
8.935546875000000000e-01
8.935546875000000000e-01
8.935546875000000000e-01
8.959960937500000000e-01
8.984375000000000000e-01
8.984375000000000000e-01
9.033203125000000000e-01
9.033203125000000000e-01
9.008789062500000000e-01
9.008789062500000000e-01
9.033203125000000000e-01
9.033203125000000000e-01
9.033203125000000000e-01
9.008789062500000000e-01
9.033203125000000000e-01
9.057617187500000000e-01
9.082031250000000000e-01
9.082031250000000000e-01
9.082031250000000000e-01
9.082031250000000000e-01
9.082031250000000000e-01
9.106445312500000000e-01
9.106445312500000000e-01
9.130859375000000000e-01
9.106445312500000000e-01
9.106445312500000000e-01
9.082031250000000000e-01
9.106445312500000000e-01
9.106445312500000000e-01
9.130859375000000000e-01
9.155273437500000000e-01
9.179687500000000000e-01
9.204101562500000000e-01
9.204101562500000000e-01
9.204101562500000000e-01
9.179687500000000000e-01
9.179687500000000000e-01
9.155273437500000000e-01
9.179687500000000000e-01
9.204101562500000000e-01
9.204101562500000000e-01
9.228515625000000000e-01
9.204101562500000000e-01
9.204101562500000000e-01
9.228515625000000000e-01
9.228515625000000000e-01
9.252929687500000000e-01
9.277343750000000000e-01
9.277343750000000000e-01
9.277343750000000000e-01
9.277343750000000000e-01
9.277343750000000000e-01
9.277343750000000000e-01
9.301757812500000000e-01
9.277343750000000000e-01
9.277343750000000000e-01
9.301757812500000000e-01
9.350585937500000000e-01
9.326171875000000000e-01
9.326171875000000000e-01
9.326171875000000000e-01
9.350585937500000000e-01
9.350585937500000000e-01
9.375000000000000000e-01
9.375000000000000000e-01
9.350585937500000000e-01
9.375000000000000000e-01
9.375000000000000000e-01
9.399414062500000000e-01
9.375000000000000000e-01
9.375000000000000000e-01
9.399414062500000000e-01
9.448242187500000000e-01
9.448242187500000000e-01
9.448242187500000000e-01
9.448242187500000000e-01
9.423828125000000000e-01
9.448242187500000000e-01
9.472656250000000000e-01
9.448242187500000000e-01
9.472656250000000000e-01
9.497070312500000000e-01
9.521484375000000000e-01
9.521484375000000000e-01
9.497070312500000000e-01
9.497070312500000000e-01
9.521484375000000000e-01
9.521484375000000000e-01
9.497070312500000000e-01
9.521484375000000000e-01
9.545898437500000000e-01
9.570312500000000000e-01
9.545898437500000000e-01
9.521484375000000000e-01
9.545898437500000000e-01
9.545898437500000000e-01
9.570312500000000000e-01
9.594726562500000000e-01
9.594726562500000000e-01
9.594726562500000000e-01
9.619140625000000000e-01
9.594726562500000000e-01
9.619140625000000000e-01
9.619140625000000000e-01
9.643554687500000000e-01
9.619140625000000000e-01
9.619140625000000000e-01
9.643554687500000000e-01
9.643554687500000000e-01
9.643554687500000000e-01
9.643554687500000000e-01
9.692382812500000000e-01
9.692382812500000000e-01
9.716796875000000000e-01
9.692382812500000000e-01
9.692382812500000000e-01
9.692382812500000000e-01
9.716796875000000000e-01
9.716796875000000000e-01
9.716796875000000000e-01
9.716796875000000000e-01
9.716796875000000000e-01
9.716796875000000000e-01
9.692382812500000000e-01
9.716796875000000000e-01
9.765625000000000000e-01
9.765625000000000000e-01
9.765625000000000000e-01
9.741210937500000000e-01
9.790039062500000000e-01
9.790039062500000000e-01
9.814453125000000000e-01
9.814453125000000000e-01
9.790039062500000000e-01
9.790039062500000000e-01
9.790039062500000000e-01
9.814453125000000000e-01
9.863281250000000000e-01
9.863281250000000000e-01
9.863281250000000000e-01
9.838867187500000000e-01
9.863281250000000000e-01
9.838867187500000000e-01
9.838867187500000000e-01
9.887695312500000000e-01
9.887695312500000000e-01
9.936523437500000000e-01
9.936523437500000000e-01
9.936523437500000000e-01
9.912109375000000000e-01
9.912109375000000000e-01
9.912109375000000000e-01
9.960937500000000000e-01
9.936523437500000000e-01
9.936523437500000000e-01
9.936523437500000000e-01
9.960937500000000000e-01
9.960937500000000000e-01
9.985351562500000000e-01
9.985351562500000000e-01
1.000976562500000000e+00
1.003906250000000000e+00
1.000976562500000000e+00
1.000976562500000000e+00
1.003906250000000000e+00
1.005859375000000000e+00
1.005859375000000000e+00
1.003906250000000000e+00
1.003906250000000000e+00
1.005859375000000000e+00
1.005859375000000000e+00
1.005859375000000000e+00
1.005859375000000000e+00
1.007812500000000000e+00
1.005859375000000000e+00
1.007812500000000000e+00
1.010742187500000000e+00
1.007812500000000000e+00
1.007812500000000000e+00
1.007812500000000000e+00
1.013671875000000000e+00
1.013671875000000000e+00
1.015625000000000000e+00
1.017578125000000000e+00
1.015625000000000000e+00
1.015625000000000000e+00
1.013671875000000000e+00
1.013671875000000000e+00
1.013671875000000000e+00
1.015625000000000000e+00
1.017578125000000000e+00
1.020507812500000000e+00
1.025390625000000000e+00
1.025390625000000000e+00
1.023437500000000000e+00
1.023437500000000000e+00
1.023437500000000000e+00
1.023437500000000000e+00
1.023437500000000000e+00
1.025390625000000000e+00
1.025390625000000000e+00
1.027343750000000000e+00
1.025390625000000000e+00
1.025390625000000000e+00
1.025390625000000000e+00
1.027343750000000000e+00
1.030273437500000000e+00
1.030273437500000000e+00
1.030273437500000000e+00
1.030273437500000000e+00
1.033203125000000000e+00
1.033203125000000000e+00
1.035156250000000000e+00
1.035156250000000000e+00
1.037109375000000000e+00
1.035156250000000000e+00
1.037109375000000000e+00
1.037109375000000000e+00
1.040039062500000000e+00
1.042968750000000000e+00
1.042968750000000000e+00
1.042968750000000000e+00
1.042968750000000000e+00
1.042968750000000000e+00
1.040039062500000000e+00
1.042968750000000000e+00
1.042968750000000000e+00
1.046875000000000000e+00
1.049804687500000000e+00
1.049804687500000000e+00
1.052734375000000000e+00
1.049804687500000000e+00
1.052734375000000000e+00
1.052734375000000000e+00
1.049804687500000000e+00
1.049804687500000000e+00
1.052734375000000000e+00
1.052734375000000000e+00
1.056640625000000000e+00
1.052734375000000000e+00
1.052734375000000000e+00
1.052734375000000000e+00
1.056640625000000000e+00
1.056640625000000000e+00
1.054687500000000000e+00
1.056640625000000000e+00
1.059570312500000000e+00
1.059570312500000000e+00
1.056640625000000000e+00
1.056640625000000000e+00
1.059570312500000000e+00
1.062500000000000000e+00
1.062500000000000000e+00
1.062500000000000000e+00
1.062500000000000000e+00
1.064453125000000000e+00
1.064453125000000000e+00
1.066406250000000000e+00
1.069335937500000000e+00
1.069335937500000000e+00
1.069335937500000000e+00
1.066406250000000000e+00
1.069335937500000000e+00
1.066406250000000000e+00
1.066406250000000000e+00
1.069335937500000000e+00
1.074218750000000000e+00
1.072265625000000000e+00
1.072265625000000000e+00
1.072265625000000000e+00
1.074218750000000000e+00
1.076171875000000000e+00
1.076171875000000000e+00
1.076171875000000000e+00
1.076171875000000000e+00
1.076171875000000000e+00
1.076171875000000000e+00
1.076171875000000000e+00
1.083984375000000000e+00
1.082031250000000000e+00
1.082031250000000000e+00
1.082031250000000000e+00
1.083984375000000000e+00
1.083984375000000000e+00
1.083984375000000000e+00
1.083984375000000000e+00
1.082031250000000000e+00
1.085937500000000000e+00
1.085937500000000000e+00
1.088867187500000000e+00
1.088867187500000000e+00
1.085937500000000000e+00
1.091796875000000000e+00
1.091796875000000000e+00
1.091796875000000000e+00
1.091796875000000000e+00
1.093750000000000000e+00
1.095703125000000000e+00
1.093750000000000000e+00
1.091796875000000000e+00
1.091796875000000000e+00
1.095703125000000000e+00
1.098632812500000000e+00
1.101562500000000000e+00
1.103515625000000000e+00
1.103515625000000000e+00
1.103515625000000000e+00
1.098632812500000000e+00
1.098632812500000000e+00
1.098632812500000000e+00
1.098632812500000000e+00
1.098632812500000000e+00
1.101562500000000000e+00
1.105468750000000000e+00
1.108398437500000000e+00
1.108398437500000000e+00
1.108398437500000000e+00
1.105468750000000000e+00
1.105468750000000000e+00
1.108398437500000000e+00
1.111328125000000000e+00
1.111328125000000000e+00
1.108398437500000000e+00
1.111328125000000000e+00
1.111328125000000000e+00
1.115234375000000000e+00
1.115234375000000000e+00
1.115234375000000000e+00
1.115234375000000000e+00
1.115234375000000000e+00
1.115234375000000000e+00
1.115234375000000000e+00
1.113281250000000000e+00
1.115234375000000000e+00
1.118164062500000000e+00
1.118164062500000000e+00
1.121093750000000000e+00
1.121093750000000000e+00
1.123046875000000000e+00
1.121093750000000000e+00
1.123046875000000000e+00
1.123046875000000000e+00
1.123046875000000000e+00
1.123046875000000000e+00
1.125000000000000000e+00
1.125000000000000000e+00
1.125000000000000000e+00
1.125000000000000000e+00
1.130859375000000000e+00
1.132812500000000000e+00
1.132812500000000000e+00
1.132812500000000000e+00
1.132812500000000000e+00
1.130859375000000000e+00
1.130859375000000000e+00
1.132812500000000000e+00
1.134765625000000000e+00
1.137695312500000000e+00
1.134765625000000000e+00
1.134765625000000000e+00
1.134765625000000000e+00
1.137695312500000000e+00
1.140625000000000000e+00
1.140625000000000000e+00
1.142578125000000000e+00
1.140625000000000000e+00
1.140625000000000000e+00
1.140625000000000000e+00
1.142578125000000000e+00
1.144531250000000000e+00
1.144531250000000000e+00
1.147460937500000000e+00
1.144531250000000000e+00
1.144531250000000000e+00
1.144531250000000000e+00
1.147460937500000000e+00
1.150390625000000000e+00
1.150390625000000000e+00
1.152343750000000000e+00
1.150390625000000000e+00
1.152343750000000000e+00
1.150390625000000000e+00
1.150390625000000000e+00
1.152343750000000000e+00
1.154296875000000000e+00
1.154296875000000000e+00
1.154296875000000000e+00
1.154296875000000000e+00
1.157226562500000000e+00
1.157226562500000000e+00
1.154296875000000000e+00
1.157226562500000000e+00
1.160156250000000000e+00
1.160156250000000000e+00
1.162109375000000000e+00
1.162109375000000000e+00
1.160156250000000000e+00
1.162109375000000000e+00
1.164062500000000000e+00
1.162109375000000000e+00
1.162109375000000000e+00
1.162109375000000000e+00
1.164062500000000000e+00
1.162109375000000000e+00
1.162109375000000000e+00
1.164062500000000000e+00
1.169921875000000000e+00
1.169921875000000000e+00
1.171875000000000000e+00
1.171875000000000000e+00
1.169921875000000000e+00
1.169921875000000000e+00
1.169921875000000000e+00
1.166992187500000000e+00
1.169921875000000000e+00
1.171875000000000000e+00
1.171875000000000000e+00
1.173828125000000000e+00
1.176757812500000000e+00
1.176757812500000000e+00
1.176757812500000000e+00
1.176757812500000000e+00
1.176757812500000000e+00
1.176757812500000000e+00
1.179687500000000000e+00
1.181640625000000000e+00
1.181640625000000000e+00
1.181640625000000000e+00
1.181640625000000000e+00
1.179687500000000000e+00
1.183593750000000000e+00
1.186523437500000000e+00
1.186523437500000000e+00
1.189453125000000000e+00
1.186523437500000000e+00
1.186523437500000000e+00
1.186523437500000000e+00
1.186523437500000000e+00
1.186523437500000000e+00
1.189453125000000000e+00
1.191406250000000000e+00
1.191406250000000000e+00
1.189453125000000000e+00
1.191406250000000000e+00
1.186523437500000000e+00
1.189453125000000000e+00
1.193359375000000000e+00
1.193359375000000000e+00
1.196289062500000000e+00
1.193359375000000000e+00
1.196289062500000000e+00
1.196289062500000000e+00
1.196289062500000000e+00
1.196289062500000000e+00
1.196289062500000000e+00
1.193359375000000000e+00
1.193359375000000000e+00
1.199218750000000000e+00
1.199218750000000000e+00
1.199218750000000000e+00
1.201171875000000000e+00
1.201171875000000000e+00
1.201171875000000000e+00
1.203125000000000000e+00
1.203125000000000000e+00
1.206054687500000000e+00
1.203125000000000000e+00
1.203125000000000000e+00
1.201171875000000000e+00
1.203125000000000000e+00
1.206054687500000000e+00
1.203125000000000000e+00
1.206054687500000000e+00
1.206054687500000000e+00
1.206054687500000000e+00
1.210937500000000000e+00
1.212890625000000000e+00
1.212890625000000000e+00
1.210937500000000000e+00
1.210937500000000000e+00
1.210937500000000000e+00
1.210937500000000000e+00
1.212890625000000000e+00
1.215820312500000000e+00
1.218750000000000000e+00
1.218750000000000000e+00
1.218750000000000000e+00
1.218750000000000000e+00
1.218750000000000000e+00
1.220703125000000000e+00
1.220703125000000000e+00
1.220703125000000000e+00
1.220703125000000000e+00
1.220703125000000000e+00
1.218750000000000000e+00
1.225585937500000000e+00
1.225585937500000000e+00
1.228515625000000000e+00
1.228515625000000000e+00
1.225585937500000000e+00
1.225585937500000000e+00
1.225585937500000000e+00
1.225585937500000000e+00
1.228515625000000000e+00
1.228515625000000000e+00
1.232421875000000000e+00
1.232421875000000000e+00
1.232421875000000000e+00
1.232421875000000000e+00
1.232421875000000000e+00
1.232421875000000000e+00
1.235351562500000000e+00
1.235351562500000000e+00
1.235351562500000000e+00
1.235351562500000000e+00
1.235351562500000000e+00
1.235351562500000000e+00
1.238281250000000000e+00
1.240234375000000000e+00
1.242187500000000000e+00
1.240234375000000000e+00
1.240234375000000000e+00
1.238281250000000000e+00
1.240234375000000000e+00
1.242187500000000000e+00
1.245117187500000000e+00
1.245117187500000000e+00
1.248046875000000000e+00
1.245117187500000000e+00
1.245117187500000000e+00
1.248046875000000000e+00
1.251953125000000000e+00
1.250000000000000000e+00
1.250000000000000000e+00
1.250000000000000000e+00
1.250000000000000000e+00
1.250000000000000000e+00
1.251953125000000000e+00
1.251953125000000000e+00
1.251953125000000000e+00
1.257812500000000000e+00
1.254882812500000000e+00
1.251953125000000000e+00
1.254882812500000000e+00
1.254882812500000000e+00
1.259765625000000000e+00
1.259765625000000000e+00
1.259765625000000000e+00
1.261718750000000000e+00
1.259765625000000000e+00
1.259765625000000000e+00
1.259765625000000000e+00
1.261718750000000000e+00
1.264648437500000000e+00
1.267578125000000000e+00
1.267578125000000000e+00
1.264648437500000000e+00
1.264648437500000000e+00
1.264648437500000000e+00
1.264648437500000000e+00
1.267578125000000000e+00
1.267578125000000000e+00
1.267578125000000000e+00
1.267578125000000000e+00
1.269531250000000000e+00
1.269531250000000000e+00
1.274414062500000000e+00
1.274414062500000000e+00
1.277343750000000000e+00
1.277343750000000000e+00
1.277343750000000000e+00
1.277343750000000000e+00
1.274414062500000000e+00
1.277343750000000000e+00
1.277343750000000000e+00
1.277343750000000000e+00
1.279296875000000000e+00
1.279296875000000000e+00
1.279296875000000000e+00
1.279296875000000000e+00
1.281250000000000000e+00
1.281250000000000000e+00
1.279296875000000000e+00
1.281250000000000000e+00
1.281250000000000000e+00
1.284179687500000000e+00
1.284179687500000000e+00
1.284179687500000000e+00
1.284179687500000000e+00
1.284179687500000000e+00
1.287109375000000000e+00
1.289062500000000000e+00
1.289062500000000000e+00
1.291015625000000000e+00
1.291015625000000000e+00
1.287109375000000000e+00
1.291015625000000000e+00
1.289062500000000000e+00
1.291015625000000000e+00
1.296875000000000000e+00
1.293945312500000000e+00
1.293945312500000000e+00
1.293945312500000000e+00
1.296875000000000000e+00
1.293945312500000000e+00
1.293945312500000000e+00
1.296875000000000000e+00
1.298828125000000000e+00
1.298828125000000000e+00
1.296875000000000000e+00
1.296875000000000000e+00
1.296875000000000000e+00
1.298828125000000000e+00
1.300781250000000000e+00
1.303710937500000000e+00
1.300781250000000000e+00
1.303710937500000000e+00
1.303710937500000000e+00
1.303710937500000000e+00
1.308593750000000000e+00
1.310546875000000000e+00
1.310546875000000000e+00
1.310546875000000000e+00
1.308593750000000000e+00
1.308593750000000000e+00
1.308593750000000000e+00
1.308593750000000000e+00
1.308593750000000000e+00
1.310546875000000000e+00
1.310546875000000000e+00
1.310546875000000000e+00
1.310546875000000000e+00
1.313476562500000000e+00
1.316406250000000000e+00
1.316406250000000000e+00
1.316406250000000000e+00
1.316406250000000000e+00
1.318359375000000000e+00
1.323242187500000000e+00
1.320312500000000000e+00
1.320312500000000000e+00
1.320312500000000000e+00
1.323242187500000000e+00
1.320312500000000000e+00
1.328125000000000000e+00
1.326171875000000000e+00
1.326171875000000000e+00
1.326171875000000000e+00
1.326171875000000000e+00
1.323242187500000000e+00
1.326171875000000000e+00
1.326171875000000000e+00
1.328125000000000000e+00
1.328125000000000000e+00
1.326171875000000000e+00
1.330078125000000000e+00
1.330078125000000000e+00
1.330078125000000000e+00
1.330078125000000000e+00
1.333007812500000000e+00
1.335937500000000000e+00
1.335937500000000000e+00
1.335937500000000000e+00
1.335937500000000000e+00
1.335937500000000000e+00
1.335937500000000000e+00
1.337890625000000000e+00
1.339843750000000000e+00
1.342773437500000000e+00
1.337890625000000000e+00
1.337890625000000000e+00
1.337890625000000000e+00
1.339843750000000000e+00
1.339843750000000000e+00
1.342773437500000000e+00
1.345703125000000000e+00
1.345703125000000000e+00
1.345703125000000000e+00
1.342773437500000000e+00
1.342773437500000000e+00
1.345703125000000000e+00
1.349609375000000000e+00
1.347656250000000000e+00
1.349609375000000000e+00
1.349609375000000000e+00
1.352539062500000000e+00
1.352539062500000000e+00
1.352539062500000000e+00
1.352539062500000000e+00
1.349609375000000000e+00
1.349609375000000000e+00
1.355468750000000000e+00
1.357421875000000000e+00
1.355468750000000000e+00
1.355468750000000000e+00
1.357421875000000000e+00
1.357421875000000000e+00
1.357421875000000000e+00
1.357421875000000000e+00
1.357421875000000000e+00
1.357421875000000000e+00
1.357421875000000000e+00
1.359375000000000000e+00
1.365234375000000000e+00
1.365234375000000000e+00
1.365234375000000000e+00
1.365234375000000000e+00
1.362304687500000000e+00
1.365234375000000000e+00
1.367187500000000000e+00
1.367187500000000000e+00
1.372070312500000000e+00
1.372070312500000000e+00
1.372070312500000000e+00
1.369140625000000000e+00
1.369140625000000000e+00
1.369140625000000000e+00
1.372070312500000000e+00
1.375000000000000000e+00
1.375000000000000000e+00
1.372070312500000000e+00
1.372070312500000000e+00
1.372070312500000000e+00
1.375000000000000000e+00
1.375000000000000000e+00
1.376953125000000000e+00
1.381835937500000000e+00
1.376953125000000000e+00
1.376953125000000000e+00
1.376953125000000000e+00
1.376953125000000000e+00
1.378906250000000000e+00
1.384765625000000000e+00
1.381835937500000000e+00
1.381835937500000000e+00
1.381835937500000000e+00
1.381835937500000000e+00
1.381835937500000000e+00
1.381835937500000000e+00
1.384765625000000000e+00
1.386718750000000000e+00
1.386718750000000000e+00
1.386718750000000000e+00
1.384765625000000000e+00
1.386718750000000000e+00
1.391601562500000000e+00
1.391601562500000000e+00
1.391601562500000000e+00
1.388671875000000000e+00
1.391601562500000000e+00
1.394531250000000000e+00
1.391601562500000000e+00
1.394531250000000000e+00
1.394531250000000000e+00
1.396484375000000000e+00
1.396484375000000000e+00
1.396484375000000000e+00
1.394531250000000000e+00
1.398437500000000000e+00
1.398437500000000000e+00
1.398437500000000000e+00
1.398437500000000000e+00
1.398437500000000000e+00
1.398437500000000000e+00
1.398437500000000000e+00
1.401367187500000000e+00
1.404296875000000000e+00
1.404296875000000000e+00
1.401367187500000000e+00
1.404296875000000000e+00
1.401367187500000000e+00
1.404296875000000000e+00
1.406250000000000000e+00
1.408203125000000000e+00
1.406250000000000000e+00
1.404296875000000000e+00
1.406250000000000000e+00
1.408203125000000000e+00
1.408203125000000000e+00
1.414062500000000000e+00
1.416015625000000000e+00
1.416015625000000000e+00
1.411132812500000000e+00
1.411132812500000000e+00
1.411132812500000000e+00
1.411132812500000000e+00
1.414062500000000000e+00
1.416015625000000000e+00
1.417968750000000000e+00
1.417968750000000000e+00
1.416015625000000000e+00
1.416015625000000000e+00
1.417968750000000000e+00
1.417968750000000000e+00
1.420898437500000000e+00
1.423828125000000000e+00
1.423828125000000000e+00
1.423828125000000000e+00
1.423828125000000000e+00
1.423828125000000000e+00
1.423828125000000000e+00
1.423828125000000000e+00
1.427734375000000000e+00
1.425781250000000000e+00
1.425781250000000000e+00
1.425781250000000000e+00
1.425781250000000000e+00
1.430664062500000000e+00
1.430664062500000000e+00
1.430664062500000000e+00
1.430664062500000000e+00
1.427734375000000000e+00
1.427734375000000000e+00
1.427734375000000000e+00
1.430664062500000000e+00
1.433593750000000000e+00
1.433593750000000000e+00
1.430664062500000000e+00
1.433593750000000000e+00
1.433593750000000000e+00
1.433593750000000000e+00
1.435546875000000000e+00
1.437500000000000000e+00
1.440429687500000000e+00
1.440429687500000000e+00
1.437500000000000000e+00
1.437500000000000000e+00
1.440429687500000000e+00
1.440429687500000000e+00
1.443359375000000000e+00
1.437500000000000000e+00
1.437500000000000000e+00
1.437500000000000000e+00
1.440429687500000000e+00
1.443359375000000000e+00
1.440429687500000000e+00
1.443359375000000000e+00
1.445312500000000000e+00
1.450195312500000000e+00
1.447265625000000000e+00
1.447265625000000000e+00
1.447265625000000000e+00
1.450195312500000000e+00
1.450195312500000000e+00
1.450195312500000000e+00
1.450195312500000000e+00
1.453125000000000000e+00
1.453125000000000000e+00
1.453125000000000000e+00
1.453125000000000000e+00
1.455078125000000000e+00
1.457031250000000000e+00
1.457031250000000000e+00
1.455078125000000000e+00
1.453125000000000000e+00
1.455078125000000000e+00
1.453125000000000000e+00
1.457031250000000000e+00
1.455078125000000000e+00
1.455078125000000000e+00
1.457031250000000000e+00
1.455078125000000000e+00
1.457031250000000000e+00
1.457031250000000000e+00
1.457031250000000000e+00
1.459960937500000000e+00
1.464843750000000000e+00
1.464843750000000000e+00
1.464843750000000000e+00
1.464843750000000000e+00
1.466796875000000000e+00
1.466796875000000000e+00
1.466796875000000000e+00
1.464843750000000000e+00
1.464843750000000000e+00
1.464843750000000000e+00
1.464843750000000000e+00
1.464843750000000000e+00
1.466796875000000000e+00
1.472656250000000000e+00
1.472656250000000000e+00
1.472656250000000000e+00
1.469726562500000000e+00
1.466796875000000000e+00
1.469726562500000000e+00
1.472656250000000000e+00
1.474609375000000000e+00
1.474609375000000000e+00
1.476562500000000000e+00
1.474609375000000000e+00
1.472656250000000000e+00
1.474609375000000000e+00
1.479492187500000000e+00
1.479492187500000000e+00
1.482421875000000000e+00
1.479492187500000000e+00
1.479492187500000000e+00
1.476562500000000000e+00
1.476562500000000000e+00
1.482421875000000000e+00
1.479492187500000000e+00
1.484375000000000000e+00
1.482421875000000000e+00
1.479492187500000000e+00
1.482421875000000000e+00
1.484375000000000000e+00
1.486328125000000000e+00
1.486328125000000000e+00
1.486328125000000000e+00
1.486328125000000000e+00
1.489257812500000000e+00
1.489257812500000000e+00
1.492187500000000000e+00
1.489257812500000000e+00
1.486328125000000000e+00
1.486328125000000000e+00
1.489257812500000000e+00
1.494140625000000000e+00
1.494140625000000000e+00
1.492187500000000000e+00
1.494140625000000000e+00
1.494140625000000000e+00
1.494140625000000000e+00
1.496093750000000000e+00
1.494140625000000000e+00
1.494140625000000000e+00
1.499023437500000000e+00
1.499023437500000000e+00
1.496093750000000000e+00
1.501953125000000000e+00
1.499023437500000000e+00
1.499023437500000000e+00
1.501953125000000000e+00
1.501953125000000000e+00
1.501953125000000000e+00
1.501953125000000000e+00
1.501953125000000000e+00
1.503906250000000000e+00
1.503906250000000000e+00
1.503906250000000000e+00
1.508789062500000000e+00
1.505859375000000000e+00
1.503906250000000000e+00
1.505859375000000000e+00
1.505859375000000000e+00
1.505859375000000000e+00
1.508789062500000000e+00
1.511718750000000000e+00
1.511718750000000000e+00
1.511718750000000000e+00
1.508789062500000000e+00
1.508789062500000000e+00
1.508789062500000000e+00
1.511718750000000000e+00
1.513671875000000000e+00
1.513671875000000000e+00
1.515625000000000000e+00
1.511718750000000000e+00
1.513671875000000000e+00
1.515625000000000000e+00
1.518554687500000000e+00
1.518554687500000000e+00
1.521484375000000000e+00
1.518554687500000000e+00
1.518554687500000000e+00
1.518554687500000000e+00
1.515625000000000000e+00
1.518554687500000000e+00
1.521484375000000000e+00
1.523437500000000000e+00
1.521484375000000000e+00
1.521484375000000000e+00
1.521484375000000000e+00
1.521484375000000000e+00
1.523437500000000000e+00
1.528320312500000000e+00
1.525390625000000000e+00
1.525390625000000000e+00
1.525390625000000000e+00
1.528320312500000000e+00
1.528320312500000000e+00
1.531250000000000000e+00
1.531250000000000000e+00
1.528320312500000000e+00
1.531250000000000000e+00
1.531250000000000000e+00
1.531250000000000000e+00
1.528320312500000000e+00
1.531250000000000000e+00
1.531250000000000000e+00
1.535156250000000000e+00
1.535156250000000000e+00
1.535156250000000000e+00
1.533203125000000000e+00
1.538085937500000000e+00
1.535156250000000000e+00
1.535156250000000000e+00
1.535156250000000000e+00
1.535156250000000000e+00
1.538085937500000000e+00
1.538085937500000000e+00
1.538085937500000000e+00
1.538085937500000000e+00
1.542968750000000000e+00
1.542968750000000000e+00
1.542968750000000000e+00
1.542968750000000000e+00
1.541015625000000000e+00
1.542968750000000000e+00
1.542968750000000000e+00
1.541015625000000000e+00
1.542968750000000000e+00
1.544921875000000000e+00
1.547851562500000000e+00
1.544921875000000000e+00
1.542968750000000000e+00
1.544921875000000000e+00
1.544921875000000000e+00
1.547851562500000000e+00
1.550781250000000000e+00
1.552734375000000000e+00
1.550781250000000000e+00
1.552734375000000000e+00
1.554687500000000000e+00
1.552734375000000000e+00
1.552734375000000000e+00
1.552734375000000000e+00
1.554687500000000000e+00
1.554687500000000000e+00
1.557617187500000000e+00
1.557617187500000000e+00
1.557617187500000000e+00
1.557617187500000000e+00
1.557617187500000000e+00
1.557617187500000000e+00
1.560546875000000000e+00
1.562500000000000000e+00
1.562500000000000000e+00
1.560546875000000000e+00
1.557617187500000000e+00
1.557617187500000000e+00
1.560546875000000000e+00
1.562500000000000000e+00
1.562500000000000000e+00
1.564453125000000000e+00
1.562500000000000000e+00
1.562500000000000000e+00
1.562500000000000000e+00
1.567382812500000000e+00
1.567382812500000000e+00
1.570312500000000000e+00
1.570312500000000000e+00
1.564453125000000000e+00
1.567382812500000000e+00
1.567382812500000000e+00
1.570312500000000000e+00
1.570312500000000000e+00
1.572265625000000000e+00
1.574218750000000000e+00
1.574218750000000000e+00
1.572265625000000000e+00
1.572265625000000000e+00
1.572265625000000000e+00
1.572265625000000000e+00
1.574218750000000000e+00
1.577148437500000000e+00
1.580078125000000000e+00
1.577148437500000000e+00
1.577148437500000000e+00
1.574218750000000000e+00
1.577148437500000000e+00
1.580078125000000000e+00
1.582031250000000000e+00
1.583984375000000000e+00
1.583984375000000000e+00
1.583984375000000000e+00
1.582031250000000000e+00
1.582031250000000000e+00
1.582031250000000000e+00
1.583984375000000000e+00
1.586914062500000000e+00
1.586914062500000000e+00
1.586914062500000000e+00
1.583984375000000000e+00
1.586914062500000000e+00
1.586914062500000000e+00
1.591796875000000000e+00
1.589843750000000000e+00
1.591796875000000000e+00
1.589843750000000000e+00
1.591796875000000000e+00
1.591796875000000000e+00
1.593750000000000000e+00
1.593750000000000000e+00
1.591796875000000000e+00
1.593750000000000000e+00
1.599609375000000000e+00
1.599609375000000000e+00
1.599609375000000000e+00
1.596679687500000000e+00
1.596679687500000000e+00
1.596679687500000000e+00
1.601562500000000000e+00
1.601562500000000000e+00
1.599609375000000000e+00
1.599609375000000000e+00
1.599609375000000000e+00
1.599609375000000000e+00
1.599609375000000000e+00
1.601562500000000000e+00
1.603515625000000000e+00
1.606445312500000000e+00
1.606445312500000000e+00
1.606445312500000000e+00
1.603515625000000000e+00
1.606445312500000000e+00
1.609375000000000000e+00
1.609375000000000000e+00
1.609375000000000000e+00
1.609375000000000000e+00
1.609375000000000000e+00
1.611328125000000000e+00
1.611328125000000000e+00
1.613281250000000000e+00
1.611328125000000000e+00
1.613281250000000000e+00
1.611328125000000000e+00
1.613281250000000000e+00
1.613281250000000000e+00
1.616210937500000000e+00
1.616210937500000000e+00
1.616210937500000000e+00
1.613281250000000000e+00
1.613281250000000000e+00
1.616210937500000000e+00
1.619140625000000000e+00
1.616210937500000000e+00
1.616210937500000000e+00
1.619140625000000000e+00
1.619140625000000000e+00
1.621093750000000000e+00
1.623046875000000000e+00
1.623046875000000000e+00
1.623046875000000000e+00
1.623046875000000000e+00
1.623046875000000000e+00
1.623046875000000000e+00
1.625976562500000000e+00
1.623046875000000000e+00
1.623046875000000000e+00
1.623046875000000000e+00
1.625976562500000000e+00
1.625976562500000000e+00
1.628906250000000000e+00
1.628906250000000000e+00
1.630859375000000000e+00
1.628906250000000000e+00
1.628906250000000000e+00
1.630859375000000000e+00
1.632812500000000000e+00
1.632812500000000000e+00
1.632812500000000000e+00
1.630859375000000000e+00
1.632812500000000000e+00
1.632812500000000000e+00
1.635742187500000000e+00
1.635742187500000000e+00
1.640625000000000000e+00
1.640625000000000000e+00
1.640625000000000000e+00
1.638671875000000000e+00
1.638671875000000000e+00
1.638671875000000000e+00
1.638671875000000000e+00
1.640625000000000000e+00
1.640625000000000000e+00
1.642578125000000000e+00
1.640625000000000000e+00
1.640625000000000000e+00
1.642578125000000000e+00
1.640625000000000000e+00
1.640625000000000000e+00
1.642578125000000000e+00
1.648437500000000000e+00
1.645507812500000000e+00
1.650390625000000000e+00
1.648437500000000000e+00
1.648437500000000000e+00
1.650390625000000000e+00
1.650390625000000000e+00
1.648437500000000000e+00
1.648437500000000000e+00
1.650390625000000000e+00
1.652343750000000000e+00
1.650390625000000000e+00
1.650390625000000000e+00
1.648437500000000000e+00
1.650390625000000000e+00
1.652343750000000000e+00
1.655273437500000000e+00
1.658203125000000000e+00
1.655273437500000000e+00
1.655273437500000000e+00
1.652343750000000000e+00
1.655273437500000000e+00
1.655273437500000000e+00
1.658203125000000000e+00
1.660156250000000000e+00
1.660156250000000000e+00
1.658203125000000000e+00
1.660156250000000000e+00
1.662109375000000000e+00
1.662109375000000000e+00
1.662109375000000000e+00
1.662109375000000000e+00
1.662109375000000000e+00
1.662109375000000000e+00
1.665039062500000000e+00
1.665039062500000000e+00
1.667968750000000000e+00
1.665039062500000000e+00
1.665039062500000000e+00
1.665039062500000000e+00
1.667968750000000000e+00
1.669921875000000000e+00
1.667968750000000000e+00
1.667968750000000000e+00
1.667968750000000000e+00
1.669921875000000000e+00
1.669921875000000000e+00
1.671875000000000000e+00
1.671875000000000000e+00
1.674804687500000000e+00
1.677734375000000000e+00
1.674804687500000000e+00
1.671875000000000000e+00
1.671875000000000000e+00
1.671875000000000000e+00
1.674804687500000000e+00
1.674804687500000000e+00
1.674804687500000000e+00
1.674804687500000000e+00
1.674804687500000000e+00
1.679687500000000000e+00
1.679687500000000000e+00
1.684570312500000000e+00
1.684570312500000000e+00
1.679687500000000000e+00
1.679687500000000000e+00
1.679687500000000000e+00
1.681640625000000000e+00
1.681640625000000000e+00
1.679687500000000000e+00
1.679687500000000000e+00
1.684570312500000000e+00
1.687500000000000000e+00
1.684570312500000000e+00
1.687500000000000000e+00
1.687500000000000000e+00
1.684570312500000000e+00
1.684570312500000000e+00
1.684570312500000000e+00
1.687500000000000000e+00
1.689453125000000000e+00
1.689453125000000000e+00
1.689453125000000000e+00
1.689453125000000000e+00
1.689453125000000000e+00
1.691406250000000000e+00
1.691406250000000000e+00
1.689453125000000000e+00
1.691406250000000000e+00
1.694335937500000000e+00
1.694335937500000000e+00
1.694335937500000000e+00
1.694335937500000000e+00
1.694335937500000000e+00
1.701171875000000000e+00
1.697265625000000000e+00
1.697265625000000000e+00
1.697265625000000000e+00
1.699218750000000000e+00
1.701171875000000000e+00
1.697265625000000000e+00
1.697265625000000000e+00
1.701171875000000000e+00
1.701171875000000000e+00
1.701171875000000000e+00
1.697265625000000000e+00
1.699218750000000000e+00
1.699218750000000000e+00
1.701171875000000000e+00
1.710937500000000000e+00
1.713867187500000000e+00
1.713867187500000000e+00
1.710937500000000000e+00
1.710937500000000000e+00
1.710937500000000000e+00
1.710937500000000000e+00
1.710937500000000000e+00
1.713867187500000000e+00
1.710937500000000000e+00
1.713867187500000000e+00
1.710937500000000000e+00
1.707031250000000000e+00
1.704101562500000000e+00
1.704101562500000000e+00
1.707031250000000000e+00
1.708984375000000000e+00
1.713867187500000000e+00
1.713867187500000000e+00
1.710937500000000000e+00
1.710937500000000000e+00
1.710937500000000000e+00
1.713867187500000000e+00
1.716796875000000000e+00
1.716796875000000000e+00
1.713867187500000000e+00
1.713867187500000000e+00
1.716796875000000000e+00
1.718750000000000000e+00
1.720703125000000000e+00
1.723632812500000000e+00
1.720703125000000000e+00
1.720703125000000000e+00
1.723632812500000000e+00
1.723632812500000000e+00
1.720703125000000000e+00
1.720703125000000000e+00
1.720703125000000000e+00
1.720703125000000000e+00
1.720703125000000000e+00
1.723632812500000000e+00
1.723632812500000000e+00
1.723632812500000000e+00
1.726562500000000000e+00
1.726562500000000000e+00
1.728515625000000000e+00
1.730468750000000000e+00
1.730468750000000000e+00
1.728515625000000000e+00
1.726562500000000000e+00
1.728515625000000000e+00
1.728515625000000000e+00
1.730468750000000000e+00
1.730468750000000000e+00
1.733398437500000000e+00
1.733398437500000000e+00
1.733398437500000000e+00
1.733398437500000000e+00
1.733398437500000000e+00
1.736328125000000000e+00
1.736328125000000000e+00
1.736328125000000000e+00
1.733398437500000000e+00
1.736328125000000000e+00
1.733398437500000000e+00
1.733398437500000000e+00
1.736328125000000000e+00
1.736328125000000000e+00
1.736328125000000000e+00
1.736328125000000000e+00
1.736328125000000000e+00
1.740234375000000000e+00
1.738281250000000000e+00
1.736328125000000000e+00
1.738281250000000000e+00
1.740234375000000000e+00
1.746093750000000000e+00
1.746093750000000000e+00
1.746093750000000000e+00
1.743164062500000000e+00
1.743164062500000000e+00
1.743164062500000000e+00
1.740234375000000000e+00
1.743164062500000000e+00
1.746093750000000000e+00
1.748046875000000000e+00
1.748046875000000000e+00
1.748046875000000000e+00
1.746093750000000000e+00
1.746093750000000000e+00
1.746093750000000000e+00
1.746093750000000000e+00
1.748046875000000000e+00
1.750000000000000000e+00
1.752929687500000000e+00
1.750000000000000000e+00
1.750000000000000000e+00
1.752929687500000000e+00
1.752929687500000000e+00
1.752929687500000000e+00
1.750000000000000000e+00
1.755859375000000000e+00
1.752929687500000000e+00
1.755859375000000000e+00
1.755859375000000000e+00
1.750000000000000000e+00
1.752929687500000000e+00
1.752929687500000000e+00
1.755859375000000000e+00
1.757812500000000000e+00
1.759765625000000000e+00
1.759765625000000000e+00
1.759765625000000000e+00
1.759765625000000000e+00
1.757812500000000000e+00
1.759765625000000000e+00
1.762695312500000000e+00
1.762695312500000000e+00
1.762695312500000000e+00
1.762695312500000000e+00
1.762695312500000000e+00
1.759765625000000000e+00
1.759765625000000000e+00
1.762695312500000000e+00
1.762695312500000000e+00
1.765625000000000000e+00
1.767578125000000000e+00
1.767578125000000000e+00
1.767578125000000000e+00
1.767578125000000000e+00
1.767578125000000000e+00
1.767578125000000000e+00
1.767578125000000000e+00
1.769531250000000000e+00
1.769531250000000000e+00
1.769531250000000000e+00
1.769531250000000000e+00
1.769531250000000000e+00
1.769531250000000000e+00
1.769531250000000000e+00
1.769531250000000000e+00
1.772460937500000000e+00
1.772460937500000000e+00
1.769531250000000000e+00
1.769531250000000000e+00
1.772460937500000000e+00
1.775390625000000000e+00
1.777343750000000000e+00
1.772460937500000000e+00
1.775390625000000000e+00
1.775390625000000000e+00
1.777343750000000000e+00
1.777343750000000000e+00
1.777343750000000000e+00
1.775390625000000000e+00
1.777343750000000000e+00
1.777343750000000000e+00
1.777343750000000000e+00
1.777343750000000000e+00
1.779296875000000000e+00
1.779296875000000000e+00
1.779296875000000000e+00
1.779296875000000000e+00
1.779296875000000000e+00
1.779296875000000000e+00
1.782226562500000000e+00
1.782226562500000000e+00
1.787109375000000000e+00
1.785156250000000000e+00
1.785156250000000000e+00
1.787109375000000000e+00
1.785156250000000000e+00
1.785156250000000000e+00
1.785156250000000000e+00
1.787109375000000000e+00
1.789062500000000000e+00
1.787109375000000000e+00
1.787109375000000000e+00
1.787109375000000000e+00
1.789062500000000000e+00
1.789062500000000000e+00
1.787109375000000000e+00
1.789062500000000000e+00
1.789062500000000000e+00
1.791992187500000000e+00
1.791992187500000000e+00
1.791992187500000000e+00
1.791992187500000000e+00
1.796875000000000000e+00
1.794921875000000000e+00
1.794921875000000000e+00
1.794921875000000000e+00
1.794921875000000000e+00
1.796875000000000000e+00
1.796875000000000000e+00
1.796875000000000000e+00
1.794921875000000000e+00
1.794921875000000000e+00
1.791992187500000000e+00
1.794921875000000000e+00
1.794921875000000000e+00
1.798828125000000000e+00
1.798828125000000000e+00
1.798828125000000000e+00
1.801757812500000000e+00
1.798828125000000000e+00
1.801757812500000000e+00
1.804687500000000000e+00
1.804687500000000000e+00
1.801757812500000000e+00
1.801757812500000000e+00
1.801757812500000000e+00
1.804687500000000000e+00
1.804687500000000000e+00
1.806640625000000000e+00
1.806640625000000000e+00
1.804687500000000000e+00
1.804687500000000000e+00
1.801757812500000000e+00
1.806640625000000000e+00
1.804687500000000000e+00
1.804687500000000000e+00
1.804687500000000000e+00
1.806640625000000000e+00
1.808593750000000000e+00
1.808593750000000000e+00
1.811523437500000000e+00
1.808593750000000000e+00
1.808593750000000000e+00
1.811523437500000000e+00
1.814453125000000000e+00
1.814453125000000000e+00
1.814453125000000000e+00
1.816406250000000000e+00
1.814453125000000000e+00
1.814453125000000000e+00
1.811523437500000000e+00
1.814453125000000000e+00
1.814453125000000000e+00
1.816406250000000000e+00
1.818359375000000000e+00
1.816406250000000000e+00
1.818359375000000000e+00
1.816406250000000000e+00
1.818359375000000000e+00
1.818359375000000000e+00
1.821289062500000000e+00
1.818359375000000000e+00
1.818359375000000000e+00
1.818359375000000000e+00
1.818359375000000000e+00
1.821289062500000000e+00
1.821289062500000000e+00
1.824218750000000000e+00
1.821289062500000000e+00
1.821289062500000000e+00
1.821289062500000000e+00
1.824218750000000000e+00
1.826171875000000000e+00
1.826171875000000000e+00
1.826171875000000000e+00
1.826171875000000000e+00
1.828125000000000000e+00
1.826171875000000000e+00
1.826171875000000000e+00
1.826171875000000000e+00
1.826171875000000000e+00
1.828125000000000000e+00
1.828125000000000000e+00
1.831054687500000000e+00
1.828125000000000000e+00
1.828125000000000000e+00
1.831054687500000000e+00
1.831054687500000000e+00
1.831054687500000000e+00
1.833984375000000000e+00
1.833984375000000000e+00
1.835937500000000000e+00
1.831054687500000000e+00
1.833984375000000000e+00
1.833984375000000000e+00
1.835937500000000000e+00
1.835937500000000000e+00
1.837890625000000000e+00
1.835937500000000000e+00
1.835937500000000000e+00
1.833984375000000000e+00
1.833984375000000000e+00
1.835937500000000000e+00
1.837890625000000000e+00
1.837890625000000000e+00
1.840820312500000000e+00
1.837890625000000000e+00
1.840820312500000000e+00
1.837890625000000000e+00
1.837890625000000000e+00
1.840820312500000000e+00
1.843750000000000000e+00
1.845703125000000000e+00
1.845703125000000000e+00
1.843750000000000000e+00
1.843750000000000000e+00
1.843750000000000000e+00
1.840820312500000000e+00
1.843750000000000000e+00
1.845703125000000000e+00
1.847656250000000000e+00
1.847656250000000000e+00
1.845703125000000000e+00
1.843750000000000000e+00
1.845703125000000000e+00
1.845703125000000000e+00
1.845703125000000000e+00
1.845703125000000000e+00
1.850585937500000000e+00
1.850585937500000000e+00
1.850585937500000000e+00
1.850585937500000000e+00
1.850585937500000000e+00
1.850585937500000000e+00
1.853515625000000000e+00
1.853515625000000000e+00
1.850585937500000000e+00
1.850585937500000000e+00
1.847656250000000000e+00
1.850585937500000000e+00
1.853515625000000000e+00
1.853515625000000000e+00
1.857421875000000000e+00
1.855468750000000000e+00
1.857421875000000000e+00
1.855468750000000000e+00
1.853515625000000000e+00
1.855468750000000000e+00
1.855468750000000000e+00
1.857421875000000000e+00
1.860351562500000000e+00
1.860351562500000000e+00
1.860351562500000000e+00
1.857421875000000000e+00
1.857421875000000000e+00
1.860351562500000000e+00
1.860351562500000000e+00
1.860351562500000000e+00
1.860351562500000000e+00
1.860351562500000000e+00
1.865234375000000000e+00
1.863281250000000000e+00
1.860351562500000000e+00
1.863281250000000000e+00
1.865234375000000000e+00
1.865234375000000000e+00
1.867187500000000000e+00
1.865234375000000000e+00
1.865234375000000000e+00
1.865234375000000000e+00
1.865234375000000000e+00
1.865234375000000000e+00
1.867187500000000000e+00
1.870117187500000000e+00
1.867187500000000000e+00
1.865234375000000000e+00
1.867187500000000000e+00
1.867187500000000000e+00
1.870117187500000000e+00
1.867187500000000000e+00
1.867187500000000000e+00
1.873046875000000000e+00
1.873046875000000000e+00
1.873046875000000000e+00
1.867187500000000000e+00
1.870117187500000000e+00
1.870117187500000000e+00
1.875000000000000000e+00
1.875000000000000000e+00
1.875000000000000000e+00
1.875000000000000000e+00
1.875000000000000000e+00
1.873046875000000000e+00
1.873046875000000000e+00
1.875000000000000000e+00
1.876953125000000000e+00
1.876953125000000000e+00
1.876953125000000000e+00
1.875000000000000000e+00
1.876953125000000000e+00
1.875000000000000000e+00
1.875000000000000000e+00
1.876953125000000000e+00
1.879882812500000000e+00
1.879882812500000000e+00
1.879882812500000000e+00
1.879882812500000000e+00
1.876953125000000000e+00
1.882812500000000000e+00
1.882812500000000000e+00
1.884765625000000000e+00
1.886718750000000000e+00
1.886718750000000000e+00
1.884765625000000000e+00
1.882812500000000000e+00
1.884765625000000000e+00
1.879882812500000000e+00
1.879882812500000000e+00
1.884765625000000000e+00
1.884765625000000000e+00
1.884765625000000000e+00
1.882812500000000000e+00
1.884765625000000000e+00
1.884765625000000000e+00
1.884765625000000000e+00
1.884765625000000000e+00
1.884765625000000000e+00
1.884765625000000000e+00
1.884765625000000000e+00
1.886718750000000000e+00
1.886718750000000000e+00
1.889648437500000000e+00
1.892578125000000000e+00
1.889648437500000000e+00
1.889648437500000000e+00
1.889648437500000000e+00
1.892578125000000000e+00
1.892578125000000000e+00
1.894531250000000000e+00
1.894531250000000000e+00
1.892578125000000000e+00
1.889648437500000000e+00
1.889648437500000000e+00
1.892578125000000000e+00
1.894531250000000000e+00
1.894531250000000000e+00
1.892578125000000000e+00
1.892578125000000000e+00
1.894531250000000000e+00
1.896484375000000000e+00
1.896484375000000000e+00
1.896484375000000000e+00
1.899414062500000000e+00
1.899414062500000000e+00
1.899414062500000000e+00
1.899414062500000000e+00
1.899414062500000000e+00
1.899414062500000000e+00
1.899414062500000000e+00
1.899414062500000000e+00
1.899414062500000000e+00
1.899414062500000000e+00
1.902343750000000000e+00
1.902343750000000000e+00
1.902343750000000000e+00
1.902343750000000000e+00
1.902343750000000000e+00
1.902343750000000000e+00
1.902343750000000000e+00
1.899414062500000000e+00
1.902343750000000000e+00
1.904296875000000000e+00
1.904296875000000000e+00
1.902343750000000000e+00
1.902343750000000000e+00
1.902343750000000000e+00
1.904296875000000000e+00
1.909179687500000000e+00
1.909179687500000000e+00
1.906250000000000000e+00
1.906250000000000000e+00
1.909179687500000000e+00
1.909179687500000000e+00
1.906250000000000000e+00
1.906250000000000000e+00
1.906250000000000000e+00
1.906250000000000000e+00
1.909179687500000000e+00
1.909179687500000000e+00
1.909179687500000000e+00
1.912109375000000000e+00
1.912109375000000000e+00
1.909179687500000000e+00
1.909179687500000000e+00
1.906250000000000000e+00
1.909179687500000000e+00
1.912109375000000000e+00
1.914062500000000000e+00
1.914062500000000000e+00
1.914062500000000000e+00
1.914062500000000000e+00
1.914062500000000000e+00
1.916015625000000000e+00
1.916015625000000000e+00
1.918945312500000000e+00
1.916015625000000000e+00
1.916015625000000000e+00
1.914062500000000000e+00
1.916015625000000000e+00
1.916015625000000000e+00
1.918945312500000000e+00
1.916015625000000000e+00
1.916015625000000000e+00
1.916015625000000000e+00
1.918945312500000000e+00
1.921875000000000000e+00
1.918945312500000000e+00
1.921875000000000000e+00
1.918945312500000000e+00
1.921875000000000000e+00
1.921875000000000000e+00
1.921875000000000000e+00
1.923828125000000000e+00
1.925781250000000000e+00
1.925781250000000000e+00
1.925781250000000000e+00
1.923828125000000000e+00
1.923828125000000000e+00
1.923828125000000000e+00
1.923828125000000000e+00
1.923828125000000000e+00
1.923828125000000000e+00
1.925781250000000000e+00
1.923828125000000000e+00
1.923828125000000000e+00
1.923828125000000000e+00
1.925781250000000000e+00
1.925781250000000000e+00
1.925781250000000000e+00
1.925781250000000000e+00
1.923828125000000000e+00
1.925781250000000000e+00
1.925781250000000000e+00
1.928710937500000000e+00
1.928710937500000000e+00
1.925781250000000000e+00
1.925781250000000000e+00
1.931640625000000000e+00
1.931640625000000000e+00
1.928710937500000000e+00
1.931640625000000000e+00
1.931640625000000000e+00
1.931640625000000000e+00
1.931640625000000000e+00
1.931640625000000000e+00
1.933593750000000000e+00
1.933593750000000000e+00
1.931640625000000000e+00
1.931640625000000000e+00
1.933593750000000000e+00
1.935546875000000000e+00
1.935546875000000000e+00
1.933593750000000000e+00
1.933593750000000000e+00
1.933593750000000000e+00
1.933593750000000000e+00
1.938476562500000000e+00
1.938476562500000000e+00
1.938476562500000000e+00
1.938476562500000000e+00
1.938476562500000000e+00
1.938476562500000000e+00
1.941406250000000000e+00
1.938476562500000000e+00
1.935546875000000000e+00
1.938476562500000000e+00
1.935546875000000000e+00
1.938476562500000000e+00
1.941406250000000000e+00
1.941406250000000000e+00
1.943359375000000000e+00
1.941406250000000000e+00
1.941406250000000000e+00
1.941406250000000000e+00
1.941406250000000000e+00
1.945312500000000000e+00
1.945312500000000000e+00
1.945312500000000000e+00
1.943359375000000000e+00
1.943359375000000000e+00
1.945312500000000000e+00
1.945312500000000000e+00
1.948242187500000000e+00
1.951171875000000000e+00
1.948242187500000000e+00
1.945312500000000000e+00
1.945312500000000000e+00
1.945312500000000000e+00
1.945312500000000000e+00
1.948242187500000000e+00
1.948242187500000000e+00
1.948242187500000000e+00
1.945312500000000000e+00
1.948242187500000000e+00
1.943359375000000000e+00
1.948242187500000000e+00
1.951171875000000000e+00
1.953125000000000000e+00
1.955078125000000000e+00
1.953125000000000000e+00
1.951171875000000000e+00
1.951171875000000000e+00
1.951171875000000000e+00
1.951171875000000000e+00
1.953125000000000000e+00
1.953125000000000000e+00
1.955078125000000000e+00
1.955078125000000000e+00
1.951171875000000000e+00
1.951171875000000000e+00
1.951171875000000000e+00
1.951171875000000000e+00
1.953125000000000000e+00
1.955078125000000000e+00
1.955078125000000000e+00
1.958007812500000000e+00
1.955078125000000000e+00
1.955078125000000000e+00
1.958007812500000000e+00
1.958007812500000000e+00
1.953125000000000000e+00
1.955078125000000000e+00
1.958007812500000000e+00
1.960937500000000000e+00
1.962890625000000000e+00
1.962890625000000000e+00
1.958007812500000000e+00
1.960937500000000000e+00
1.960937500000000000e+00
1.962890625000000000e+00
1.962890625000000000e+00
1.960937500000000000e+00
1.960937500000000000e+00
1.958007812500000000e+00
1.958007812500000000e+00
1.960937500000000000e+00
1.962890625000000000e+00
1.960937500000000000e+00
1.960937500000000000e+00
1.960937500000000000e+00
1.960937500000000000e+00
1.962890625000000000e+00
1.962890625000000000e+00
1.964843750000000000e+00
1.964843750000000000e+00
1.962890625000000000e+00
1.962890625000000000e+00
1.960937500000000000e+00
1.964843750000000000e+00
1.964843750000000000e+00
1.967773437500000000e+00
1.964843750000000000e+00
1.964843750000000000e+00
1.964843750000000000e+00
1.962890625000000000e+00
1.964843750000000000e+00
1.967773437500000000e+00
1.967773437500000000e+00
1.970703125000000000e+00
1.967773437500000000e+00
1.967773437500000000e+00
1.970703125000000000e+00
1.970703125000000000e+00
1.970703125000000000e+00
1.970703125000000000e+00
1.970703125000000000e+00
1.972656250000000000e+00
1.970703125000000000e+00
1.972656250000000000e+00
1.970703125000000000e+00
1.970703125000000000e+00
1.970703125000000000e+00
1.970703125000000000e+00
1.972656250000000000e+00
1.974609375000000000e+00
1.972656250000000000e+00
1.970703125000000000e+00
1.972656250000000000e+00
1.970703125000000000e+00
1.972656250000000000e+00
1.974609375000000000e+00
1.974609375000000000e+00
1.974609375000000000e+00
1.972656250000000000e+00
1.972656250000000000e+00
1.972656250000000000e+00
1.970703125000000000e+00
1.974609375000000000e+00
1.974609375000000000e+00
1.977539062500000000e+00
1.977539062500000000e+00
1.977539062500000000e+00
1.977539062500000000e+00
1.980468750000000000e+00
1.980468750000000000e+00
1.980468750000000000e+00
1.982421875000000000e+00
1.980468750000000000e+00
1.977539062500000000e+00
1.977539062500000000e+00
1.974609375000000000e+00
1.977539062500000000e+00
1.980468750000000000e+00
1.980468750000000000e+00
1.980468750000000000e+00
1.980468750000000000e+00
1.980468750000000000e+00
1.977539062500000000e+00
1.977539062500000000e+00
1.977539062500000000e+00
1.980468750000000000e+00
1.984375000000000000e+00
1.982421875000000000e+00
1.980468750000000000e+00
1.980468750000000000e+00
1.980468750000000000e+00
1.980468750000000000e+00
1.982421875000000000e+00
1.982421875000000000e+00
1.982421875000000000e+00
1.982421875000000000e+00
1.980468750000000000e+00
1.982421875000000000e+00
1.982421875000000000e+00
1.980468750000000000e+00
1.984375000000000000e+00
1.984375000000000000e+00
1.987304687500000000e+00
1.982421875000000000e+00
1.984375000000000000e+00
1.984375000000000000e+00
1.987304687500000000e+00
1.987304687500000000e+00
1.987304687500000000e+00
1.984375000000000000e+00
1.984375000000000000e+00
1.987304687500000000e+00
1.990234375000000000e+00
1.990234375000000000e+00
1.990234375000000000e+00
1.990234375000000000e+00
1.987304687500000000e+00
1.987304687500000000e+00
1.987304687500000000e+00
1.990234375000000000e+00
1.990234375000000000e+00
1.987304687500000000e+00
1.987304687500000000e+00
1.987304687500000000e+00
1.987304687500000000e+00
1.990234375000000000e+00
1.990234375000000000e+00
1.992187500000000000e+00
1.990234375000000000e+00
1.990234375000000000e+00
1.990234375000000000e+00
1.990234375000000000e+00
1.987304687500000000e+00
1.990234375000000000e+00
1.990234375000000000e+00
1.997070312500000000e+00
1.994140625000000000e+00
1.997070312500000000e+00
1.997070312500000000e+00
1.994140625000000000e+00
1.992187500000000000e+00
1.992187500000000000e+00
1.992187500000000000e+00
1.994140625000000000e+00
1.997070312500000000e+00
1.997070312500000000e+00
1.997070312500000000e+00
1.997070312500000000e+00
1.994140625000000000e+00
1.994140625000000000e+00
1.994140625000000000e+00
1.997070312500000000e+00
1.997070312500000000e+00
1.997070312500000000e+00
1.994140625000000000e+00
1.994140625000000000e+00
1.994140625000000000e+00
1.994140625000000000e+00
2.000000000000000000e+00
2.000000000000000000e+00
2.000000000000000000e+00
2.000000000000000000e+00
1.997070312500000000e+00
1.997070312500000000e+00
2.000000000000000000e+00
2.000000000000000000e+00
1.997070312500000000e+00
1.997070312500000000e+00
1.994140625000000000e+00
1.997070312500000000e+00
2.001953125000000000e+00
2.000000000000000000e+00
2.001953125000000000e+00
2.000000000000000000e+00
1.997070312500000000e+00
2.000000000000000000e+00
2.001953125000000000e+00
2.003906250000000000e+00
2.003906250000000000e+00
2.001953125000000000e+00
2.001953125000000000e+00
2.000000000000000000e+00
2.000000000000000000e+00
2.001953125000000000e+00
2.001953125000000000e+00
2.003906250000000000e+00
2.003906250000000000e+00
2.003906250000000000e+00
2.001953125000000000e+00
2.003906250000000000e+00
2.003906250000000000e+00
2.001953125000000000e+00
2.001953125000000000e+00
2.003906250000000000e+00
2.003906250000000000e+00
2.003906250000000000e+00
2.001953125000000000e+00
2.003906250000000000e+00
2.003906250000000000e+00
2.007812500000000000e+00
2.007812500000000000e+00
2.007812500000000000e+00
2.001953125000000000e+00
2.003906250000000000e+00
2.001953125000000000e+00
2.007812500000000000e+00
2.003906250000000000e+00
2.007812500000000000e+00
2.009765625000000000e+00
2.007812500000000000e+00
2.003906250000000000e+00
2.003906250000000000e+00
2.007812500000000000e+00
2.009765625000000000e+00
2.009765625000000000e+00
2.009765625000000000e+00
2.007812500000000000e+00
2.009765625000000000e+00
2.009765625000000000e+00
2.011718750000000000e+00
2.011718750000000000e+00
2.009765625000000000e+00
2.009765625000000000e+00
2.009765625000000000e+00
2.011718750000000000e+00
2.011718750000000000e+00
2.013671875000000000e+00
2.011718750000000000e+00
2.011718750000000000e+00
2.009765625000000000e+00
2.011718750000000000e+00
2.011718750000000000e+00
2.011718750000000000e+00
2.013671875000000000e+00
2.009765625000000000e+00
2.009765625000000000e+00
2.007812500000000000e+00
2.009765625000000000e+00
2.009765625000000000e+00
2.011718750000000000e+00
2.013671875000000000e+00
2.009765625000000000e+00
2.011718750000000000e+00
2.011718750000000000e+00
2.013671875000000000e+00
2.011718750000000000e+00
2.011718750000000000e+00
2.013671875000000000e+00
2.013671875000000000e+00
2.011718750000000000e+00
2.009765625000000000e+00
2.011718750000000000e+00
2.013671875000000000e+00
2.015625000000000000e+00
2.015625000000000000e+00
2.015625000000000000e+00
2.015625000000000000e+00
2.013671875000000000e+00
2.011718750000000000e+00
2.011718750000000000e+00
2.011718750000000000e+00
2.015625000000000000e+00
2.015625000000000000e+00
2.015625000000000000e+00
2.015625000000000000e+00
2.015625000000000000e+00
2.015625000000000000e+00
2.019531250000000000e+00
2.019531250000000000e+00
2.015625000000000000e+00
2.019531250000000000e+00
2.015625000000000000e+00
2.015625000000000000e+00
2.015625000000000000e+00
2.019531250000000000e+00
2.019531250000000000e+00
2.021484375000000000e+00
2.021484375000000000e+00
2.021484375000000000e+00
2.015625000000000000e+00
2.019531250000000000e+00
2.019531250000000000e+00
2.021484375000000000e+00
2.019531250000000000e+00
2.021484375000000000e+00
2.019531250000000000e+00
2.019531250000000000e+00
2.015625000000000000e+00
2.019531250000000000e+00
2.021484375000000000e+00
2.021484375000000000e+00
2.019531250000000000e+00
2.021484375000000000e+00
2.021484375000000000e+00
2.019531250000000000e+00
2.019531250000000000e+00
2.019531250000000000e+00
2.021484375000000000e+00
2.021484375000000000e+00
2.021484375000000000e+00
2.021484375000000000e+00
2.021484375000000000e+00
2.023437500000000000e+00
2.019531250000000000e+00
2.019531250000000000e+00
2.019531250000000000e+00
2.019531250000000000e+00
2.021484375000000000e+00
2.021484375000000000e+00
2.023437500000000000e+00
2.023437500000000000e+00
2.023437500000000000e+00
2.023437500000000000e+00
2.021484375000000000e+00
2.021484375000000000e+00
2.019531250000000000e+00
2.023437500000000000e+00
2.023437500000000000e+00
2.027343750000000000e+00
2.029296875000000000e+00
2.027343750000000000e+00
2.023437500000000000e+00
2.023437500000000000e+00
2.023437500000000000e+00
2.023437500000000000e+00
2.023437500000000000e+00
2.023437500000000000e+00
2.023437500000000000e+00
2.023437500000000000e+00
2.021484375000000000e+00
2.021484375000000000e+00
2.023437500000000000e+00
2.027343750000000000e+00
2.029296875000000000e+00
2.029296875000000000e+00
2.031250000000000000e+00
2.029296875000000000e+00
2.027343750000000000e+00
2.027343750000000000e+00
2.027343750000000000e+00
2.029296875000000000e+00
2.029296875000000000e+00
2.029296875000000000e+00
2.029296875000000000e+00
2.027343750000000000e+00
2.027343750000000000e+00
2.029296875000000000e+00
2.027343750000000000e+00
2.027343750000000000e+00
2.029296875000000000e+00
2.029296875000000000e+00
2.029296875000000000e+00
2.027343750000000000e+00
2.027343750000000000e+00
2.027343750000000000e+00
2.029296875000000000e+00
2.031250000000000000e+00
2.031250000000000000e+00
2.031250000000000000e+00
2.029296875000000000e+00
2.029296875000000000e+00
2.029296875000000000e+00
2.029296875000000000e+00
2.029296875000000000e+00
2.029296875000000000e+00
2.029296875000000000e+00
2.029296875000000000e+00
2.031250000000000000e+00
2.033203125000000000e+00
2.033203125000000000e+00
2.031250000000000000e+00
2.029296875000000000e+00
2.029296875000000000e+00
2.027343750000000000e+00
2.029296875000000000e+00
2.031250000000000000e+00
2.031250000000000000e+00
2.033203125000000000e+00
2.035156250000000000e+00
2.033203125000000000e+00
2.033203125000000000e+00
2.031250000000000000e+00
2.029296875000000000e+00
2.031250000000000000e+00
2.031250000000000000e+00
2.031250000000000000e+00
2.029296875000000000e+00
2.031250000000000000e+00
2.033203125000000000e+00
2.035156250000000000e+00
2.039062500000000000e+00
2.035156250000000000e+00
2.033203125000000000e+00
2.033203125000000000e+00
2.031250000000000000e+00
2.033203125000000000e+00
2.031250000000000000e+00
2.031250000000000000e+00
2.031250000000000000e+00
2.033203125000000000e+00
2.035156250000000000e+00
2.035156250000000000e+00
2.033203125000000000e+00
2.033203125000000000e+00
2.033203125000000000e+00
2.033203125000000000e+00
2.035156250000000000e+00
2.035156250000000000e+00
2.035156250000000000e+00
2.035156250000000000e+00
2.033203125000000000e+00
2.035156250000000000e+00
2.039062500000000000e+00
2.039062500000000000e+00
2.035156250000000000e+00
2.033203125000000000e+00
2.033203125000000000e+00
2.033203125000000000e+00
2.035156250000000000e+00
2.039062500000000000e+00
2.039062500000000000e+00
2.035156250000000000e+00
2.035156250000000000e+00
2.035156250000000000e+00
2.035156250000000000e+00
2.039062500000000000e+00
2.039062500000000000e+00
2.039062500000000000e+00
2.035156250000000000e+00
2.035156250000000000e+00
2.035156250000000000e+00
2.035156250000000000e+00
2.035156250000000000e+00
2.041015625000000000e+00
2.041015625000000000e+00
2.041015625000000000e+00
2.042968750000000000e+00
2.039062500000000000e+00
2.035156250000000000e+00
2.035156250000000000e+00
2.035156250000000000e+00
2.035156250000000000e+00
2.039062500000000000e+00
2.039062500000000000e+00
2.041015625000000000e+00
2.039062500000000000e+00
2.039062500000000000e+00
2.035156250000000000e+00
2.039062500000000000e+00
2.039062500000000000e+00
2.039062500000000000e+00
2.039062500000000000e+00
2.039062500000000000e+00
2.039062500000000000e+00
2.041015625000000000e+00
2.041015625000000000e+00
2.041015625000000000e+00
2.041015625000000000e+00
2.039062500000000000e+00
2.039062500000000000e+00
2.041015625000000000e+00
2.041015625000000000e+00
2.041015625000000000e+00
2.041015625000000000e+00
2.039062500000000000e+00
2.039062500000000000e+00
2.035156250000000000e+00
2.039062500000000000e+00
2.041015625000000000e+00
2.039062500000000000e+00
2.041015625000000000e+00
2.041015625000000000e+00
2.039062500000000000e+00
2.041015625000000000e+00
2.041015625000000000e+00
2.039062500000000000e+00
2.041015625000000000e+00
2.042968750000000000e+00
2.041015625000000000e+00
2.042968750000000000e+00
2.046875000000000000e+00
2.042968750000000000e+00
2.041015625000000000e+00
2.042968750000000000e+00
2.046875000000000000e+00
2.042968750000000000e+00
2.042968750000000000e+00
2.042968750000000000e+00
2.046875000000000000e+00
2.042968750000000000e+00
2.041015625000000000e+00
2.042968750000000000e+00
2.041015625000000000e+00
2.042968750000000000e+00
2.042968750000000000e+00
2.042968750000000000e+00
2.046875000000000000e+00
2.042968750000000000e+00
2.041015625000000000e+00
2.042968750000000000e+00
2.042968750000000000e+00
2.046875000000000000e+00
2.046875000000000000e+00
2.048828125000000000e+00
2.048828125000000000e+00
2.046875000000000000e+00
2.042968750000000000e+00
2.042968750000000000e+00
2.042968750000000000e+00
2.041015625000000000e+00
2.042968750000000000e+00
2.046875000000000000e+00
2.042968750000000000e+00
2.041015625000000000e+00
2.042968750000000000e+00
2.046875000000000000e+00
2.046875000000000000e+00
2.048828125000000000e+00
2.046875000000000000e+00
2.042968750000000000e+00
2.042968750000000000e+00
2.042968750000000000e+00
2.048828125000000000e+00
2.046875000000000000e+00
2.048828125000000000e+00
2.048828125000000000e+00
2.048828125000000000e+00
2.046875000000000000e+00
2.042968750000000000e+00
2.042968750000000000e+00
2.042968750000000000e+00
2.042968750000000000e+00
2.046875000000000000e+00
2.048828125000000000e+00
2.048828125000000000e+00
2.046875000000000000e+00
2.048828125000000000e+00
2.048828125000000000e+00
2.048828125000000000e+00
2.042968750000000000e+00
2.046875000000000000e+00
2.048828125000000000e+00
2.048828125000000000e+00
2.048828125000000000e+00
2.046875000000000000e+00
2.046875000000000000e+00
2.048828125000000000e+00
2.048828125000000000e+00
2.048828125000000000e+00
2.050781250000000000e+00
2.048828125000000000e+00
2.046875000000000000e+00
2.046875000000000000e+00
2.046875000000000000e+00
2.048828125000000000e+00
2.048828125000000000e+00
2.048828125000000000e+00
2.046875000000000000e+00
2.046875000000000000e+00
2.042968750000000000e+00
2.046875000000000000e+00
2.048828125000000000e+00
2.048828125000000000e+00
2.050781250000000000e+00
2.048828125000000000e+00
2.048828125000000000e+00
2.048828125000000000e+00
2.048828125000000000e+00
2.042968750000000000e+00
2.048828125000000000e+00
2.048828125000000000e+00
2.048828125000000000e+00
2.048828125000000000e+00
2.046875000000000000e+00
2.046875000000000000e+00
2.046875000000000000e+00
2.048828125000000000e+00
2.048828125000000000e+00
2.046875000000000000e+00
2.046875000000000000e+00
2.046875000000000000e+00
2.050781250000000000e+00
2.050781250000000000e+00
2.048828125000000000e+00
2.048828125000000000e+00
2.048828125000000000e+00
2.048828125000000000e+00
2.048828125000000000e+00
2.048828125000000000e+00
2.046875000000000000e+00
2.050781250000000000e+00
2.050781250000000000e+00
2.050781250000000000e+00
2.048828125000000000e+00
2.050781250000000000e+00
2.054687500000000000e+00
2.050781250000000000e+00
2.050781250000000000e+00
2.050781250000000000e+00
2.052734375000000000e+00
2.052734375000000000e+00
2.050781250000000000e+00
2.050781250000000000e+00
2.050781250000000000e+00
2.050781250000000000e+00
2.052734375000000000e+00
2.052734375000000000e+00
2.054687500000000000e+00
2.054687500000000000e+00
2.052734375000000000e+00
2.052734375000000000e+00
2.050781250000000000e+00
2.050781250000000000e+00
2.048828125000000000e+00
2.050781250000000000e+00
2.054687500000000000e+00
2.054687500000000000e+00
2.052734375000000000e+00
2.052734375000000000e+00
2.050781250000000000e+00
2.050781250000000000e+00
2.050781250000000000e+00
2.048828125000000000e+00
2.050781250000000000e+00
2.054687500000000000e+00
2.052734375000000000e+00
2.052734375000000000e+00
2.050781250000000000e+00
2.052734375000000000e+00
2.052734375000000000e+00
2.054687500000000000e+00
2.052734375000000000e+00
2.050781250000000000e+00
2.050781250000000000e+00
2.050781250000000000e+00
2.050781250000000000e+00
2.050781250000000000e+00
2.054687500000000000e+00
2.054687500000000000e+00
2.054687500000000000e+00
2.054687500000000000e+00
2.052734375000000000e+00
2.050781250000000000e+00
2.050781250000000000e+00
2.050781250000000000e+00
2.052734375000000000e+00
2.052734375000000000e+00
2.052734375000000000e+00
2.052734375000000000e+00
2.050781250000000000e+00
2.050781250000000000e+00
2.048828125000000000e+00
2.050781250000000000e+00
2.050781250000000000e+00
2.052734375000000000e+00
2.054687500000000000e+00
2.054687500000000000e+00
2.052734375000000000e+00
2.052734375000000000e+00
2.054687500000000000e+00
2.050781250000000000e+00
2.050781250000000000e+00
2.050781250000000000e+00
2.048828125000000000e+00
2.050781250000000000e+00
2.050781250000000000e+00
2.054687500000000000e+00
2.054687500000000000e+00
2.052734375000000000e+00
2.050781250000000000e+00
2.050781250000000000e+00
2.050781250000000000e+00
2.052734375000000000e+00
2.052734375000000000e+00
2.052734375000000000e+00
2.050781250000000000e+00
2.050781250000000000e+00
2.052734375000000000e+00
2.052734375000000000e+00
2.052734375000000000e+00
2.052734375000000000e+00
2.052734375000000000e+00
2.058593750000000000e+00
2.054687500000000000e+00
2.054687500000000000e+00
2.052734375000000000e+00
2.052734375000000000e+00
2.050781250000000000e+00
2.052734375000000000e+00
2.052734375000000000e+00
2.054687500000000000e+00
2.054687500000000000e+00
2.052734375000000000e+00
2.052734375000000000e+00
2.050781250000000000e+00
2.048828125000000000e+00
2.052734375000000000e+00
2.052734375000000000e+00
2.054687500000000000e+00
2.052734375000000000e+00
2.050781250000000000e+00
2.050781250000000000e+00
2.050781250000000000e+00
2.054687500000000000e+00
2.052734375000000000e+00
2.054687500000000000e+00
2.052734375000000000e+00
2.052734375000000000e+00
2.052734375000000000e+00
2.054687500000000000e+00
2.060546875000000000e+00
2.060546875000000000e+00
2.058593750000000000e+00
2.060546875000000000e+00
2.058593750000000000e+00
2.054687500000000000e+00
2.052734375000000000e+00
2.052734375000000000e+00
2.054687500000000000e+00
2.052734375000000000e+00
2.054687500000000000e+00
2.050781250000000000e+00
2.052734375000000000e+00
2.050781250000000000e+00
2.054687500000000000e+00
2.052734375000000000e+00
2.054687500000000000e+00
2.054687500000000000e+00
2.054687500000000000e+00
2.052734375000000000e+00
2.050781250000000000e+00
2.052734375000000000e+00
2.052734375000000000e+00
2.050781250000000000e+00
2.050781250000000000e+00
2.052734375000000000e+00
2.052734375000000000e+00
2.052734375000000000e+00
2.050781250000000000e+00
2.052734375000000000e+00
2.052734375000000000e+00
2.054687500000000000e+00
2.052734375000000000e+00
2.050781250000000000e+00
2.050781250000000000e+00
2.050781250000000000e+00
2.052734375000000000e+00
2.052734375000000000e+00
2.054687500000000000e+00
2.054687500000000000e+00
2.052734375000000000e+00
2.054687500000000000e+00
2.054687500000000000e+00
2.052734375000000000e+00
2.052734375000000000e+00
2.054687500000000000e+00
2.052734375000000000e+00
2.052734375000000000e+00
2.052734375000000000e+00
2.050781250000000000e+00
2.052734375000000000e+00
2.054687500000000000e+00
2.052734375000000000e+00
2.052734375000000000e+00
2.050781250000000000e+00
2.050781250000000000e+00
2.050781250000000000e+00
2.050781250000000000e+00
2.050781250000000000e+00
2.052734375000000000e+00
2.052734375000000000e+00
2.050781250000000000e+00
2.050781250000000000e+00
2.052734375000000000e+00
2.052734375000000000e+00
2.050781250000000000e+00
2.050781250000000000e+00
2.050781250000000000e+00
2.052734375000000000e+00
2.052734375000000000e+00
2.052734375000000000e+00
2.048828125000000000e+00
2.050781250000000000e+00
2.048828125000000000e+00
2.050781250000000000e+00
2.052734375000000000e+00
2.052734375000000000e+00
2.054687500000000000e+00
2.054687500000000000e+00
2.052734375000000000e+00
2.052734375000000000e+00
2.050781250000000000e+00
2.050781250000000000e+00
2.050781250000000000e+00
2.050781250000000000e+00
2.052734375000000000e+00
2.054687500000000000e+00
2.054687500000000000e+00
2.054687500000000000e+00
2.052734375000000000e+00
2.050781250000000000e+00
2.048828125000000000e+00
2.048828125000000000e+00
2.048828125000000000e+00
2.050781250000000000e+00
2.050781250000000000e+00
2.052734375000000000e+00
2.050781250000000000e+00
2.050781250000000000e+00
2.050781250000000000e+00
2.050781250000000000e+00
2.052734375000000000e+00
2.050781250000000000e+00
2.052734375000000000e+00
2.052734375000000000e+00
2.050781250000000000e+00
2.048828125000000000e+00
2.050781250000000000e+00
2.052734375000000000e+00
2.052734375000000000e+00
2.052734375000000000e+00
2.050781250000000000e+00
2.048828125000000000e+00
2.046875000000000000e+00
2.050781250000000000e+00
2.052734375000000000e+00
2.050781250000000000e+00
2.050781250000000000e+00
2.050781250000000000e+00
2.050781250000000000e+00
2.052734375000000000e+00
2.052734375000000000e+00
2.050781250000000000e+00
2.050781250000000000e+00
2.050781250000000000e+00
2.048828125000000000e+00
2.048828125000000000e+00
2.052734375000000000e+00
2.052734375000000000e+00
2.054687500000000000e+00
2.054687500000000000e+00
2.052734375000000000e+00
2.050781250000000000e+00
2.050781250000000000e+00
2.050781250000000000e+00
2.048828125000000000e+00
2.048828125000000000e+00
2.048828125000000000e+00
2.048828125000000000e+00
2.050781250000000000e+00
2.050781250000000000e+00
2.048828125000000000e+00
2.050781250000000000e+00
2.050781250000000000e+00
2.050781250000000000e+00
2.048828125000000000e+00
2.046875000000000000e+00
2.048828125000000000e+00
2.050781250000000000e+00
2.048828125000000000e+00
2.048828125000000000e+00
2.050781250000000000e+00
2.052734375000000000e+00
2.052734375000000000e+00
2.052734375000000000e+00
2.050781250000000000e+00
2.050781250000000000e+00
2.048828125000000000e+00
2.048828125000000000e+00
2.048828125000000000e+00
2.048828125000000000e+00
2.046875000000000000e+00
2.048828125000000000e+00
2.046875000000000000e+00
2.046875000000000000e+00
2.046875000000000000e+00
2.048828125000000000e+00
2.048828125000000000e+00
2.046875000000000000e+00
2.048828125000000000e+00
2.048828125000000000e+00
2.046875000000000000e+00
2.046875000000000000e+00
2.046875000000000000e+00
2.048828125000000000e+00
2.048828125000000000e+00
2.048828125000000000e+00
2.048828125000000000e+00
2.046875000000000000e+00
2.046875000000000000e+00
2.042968750000000000e+00
2.042968750000000000e+00
2.046875000000000000e+00
2.048828125000000000e+00
2.046875000000000000e+00
2.048828125000000000e+00
2.046875000000000000e+00
2.042968750000000000e+00
2.042968750000000000e+00
2.042968750000000000e+00
2.046875000000000000e+00
2.048828125000000000e+00
2.046875000000000000e+00
2.046875000000000000e+00
2.046875000000000000e+00
2.046875000000000000e+00
2.048828125000000000e+00
2.048828125000000000e+00
2.050781250000000000e+00
2.050781250000000000e+00
2.048828125000000000e+00
2.046875000000000000e+00
2.042968750000000000e+00
2.042968750000000000e+00
2.042968750000000000e+00
2.046875000000000000e+00
2.048828125000000000e+00
2.048828125000000000e+00
2.048828125000000000e+00
2.042968750000000000e+00
2.046875000000000000e+00
2.048828125000000000e+00
2.048828125000000000e+00
2.046875000000000000e+00
2.046875000000000000e+00
2.042968750000000000e+00
2.046875000000000000e+00
2.048828125000000000e+00
2.046875000000000000e+00
2.048828125000000000e+00
2.048828125000000000e+00
2.048828125000000000e+00
2.046875000000000000e+00
2.046875000000000000e+00
2.042968750000000000e+00
2.042968750000000000e+00
2.046875000000000000e+00
2.046875000000000000e+00
2.046875000000000000e+00
2.046875000000000000e+00
2.046875000000000000e+00
2.042968750000000000e+00
2.042968750000000000e+00
2.042968750000000000e+00
2.042968750000000000e+00
2.046875000000000000e+00
2.046875000000000000e+00
2.046875000000000000e+00
2.046875000000000000e+00
2.042968750000000000e+00
2.042968750000000000e+00
2.042968750000000000e+00
2.046875000000000000e+00
2.042968750000000000e+00
2.042968750000000000e+00
2.042968750000000000e+00
2.042968750000000000e+00
2.046875000000000000e+00
2.042968750000000000e+00
2.042968750000000000e+00
2.046875000000000000e+00
2.046875000000000000e+00
2.046875000000000000e+00
2.041015625000000000e+00
2.042968750000000000e+00
2.042968750000000000e+00
2.046875000000000000e+00
2.042968750000000000e+00
2.042968750000000000e+00
2.046875000000000000e+00
2.042968750000000000e+00
2.042968750000000000e+00
2.041015625000000000e+00
2.041015625000000000e+00
2.042968750000000000e+00
2.042968750000000000e+00
2.046875000000000000e+00
2.046875000000000000e+00
2.041015625000000000e+00
2.042968750000000000e+00
2.042968750000000000e+00
2.042968750000000000e+00
2.042968750000000000e+00
2.042968750000000000e+00
2.042968750000000000e+00
2.046875000000000000e+00
2.041015625000000000e+00
2.039062500000000000e+00
2.041015625000000000e+00
2.041015625000000000e+00
2.041015625000000000e+00
2.042968750000000000e+00
2.046875000000000000e+00
2.042968750000000000e+00
2.041015625000000000e+00
2.042968750000000000e+00
2.042968750000000000e+00
2.042968750000000000e+00
2.042968750000000000e+00
2.042968750000000000e+00
2.041015625000000000e+00
2.041015625000000000e+00
2.041015625000000000e+00
2.041015625000000000e+00
2.041015625000000000e+00
2.042968750000000000e+00
2.042968750000000000e+00
2.041015625000000000e+00
2.041015625000000000e+00
2.039062500000000000e+00
2.041015625000000000e+00
2.041015625000000000e+00
2.039062500000000000e+00
2.039062500000000000e+00
2.039062500000000000e+00
2.039062500000000000e+00
2.039062500000000000e+00
2.035156250000000000e+00
2.039062500000000000e+00
2.041015625000000000e+00
2.041015625000000000e+00
2.039062500000000000e+00
2.039062500000000000e+00
2.039062500000000000e+00
2.039062500000000000e+00
2.035156250000000000e+00
2.035156250000000000e+00
2.041015625000000000e+00
2.039062500000000000e+00
2.039062500000000000e+00
2.039062500000000000e+00
2.039062500000000000e+00
2.039062500000000000e+00
2.039062500000000000e+00
2.035156250000000000e+00
2.035156250000000000e+00
2.035156250000000000e+00
2.035156250000000000e+00
2.039062500000000000e+00
2.041015625000000000e+00
2.039062500000000000e+00
2.039062500000000000e+00
2.039062500000000000e+00
2.039062500000000000e+00
2.035156250000000000e+00
2.035156250000000000e+00
2.035156250000000000e+00
2.035156250000000000e+00
2.039062500000000000e+00
2.039062500000000000e+00
2.039062500000000000e+00
2.035156250000000000e+00
2.039062500000000000e+00
2.039062500000000000e+00
2.039062500000000000e+00
2.039062500000000000e+00
2.035156250000000000e+00
2.035156250000000000e+00
2.035156250000000000e+00
2.039062500000000000e+00
2.035156250000000000e+00
2.039062500000000000e+00
2.039062500000000000e+00
2.039062500000000000e+00
2.035156250000000000e+00
2.035156250000000000e+00
2.039062500000000000e+00
2.039062500000000000e+00
2.039062500000000000e+00
2.035156250000000000e+00
2.035156250000000000e+00
2.035156250000000000e+00
2.035156250000000000e+00
2.039062500000000000e+00
2.039062500000000000e+00
2.039062500000000000e+00
2.039062500000000000e+00
2.035156250000000000e+00
2.035156250000000000e+00
2.035156250000000000e+00
2.035156250000000000e+00
2.033203125000000000e+00
2.035156250000000000e+00
2.039062500000000000e+00
2.035156250000000000e+00
2.035156250000000000e+00
2.035156250000000000e+00
2.039062500000000000e+00
2.035156250000000000e+00
2.035156250000000000e+00
2.035156250000000000e+00
2.039062500000000000e+00
2.035156250000000000e+00
2.033203125000000000e+00
2.033203125000000000e+00
2.035156250000000000e+00
2.035156250000000000e+00
2.039062500000000000e+00
2.035156250000000000e+00
2.033203125000000000e+00
2.033203125000000000e+00
2.035156250000000000e+00
2.035156250000000000e+00
2.035156250000000000e+00
2.035156250000000000e+00
2.033203125000000000e+00
2.033203125000000000e+00
2.035156250000000000e+00
2.033203125000000000e+00
2.033203125000000000e+00
2.033203125000000000e+00
2.033203125000000000e+00
2.033203125000000000e+00
2.035156250000000000e+00
2.033203125000000000e+00
2.033203125000000000e+00
2.033203125000000000e+00
2.033203125000000000e+00
2.031250000000000000e+00
2.031250000000000000e+00
2.033203125000000000e+00
2.033203125000000000e+00
2.035156250000000000e+00
2.035156250000000000e+00
2.033203125000000000e+00
2.031250000000000000e+00
2.033203125000000000e+00
2.031250000000000000e+00
2.029296875000000000e+00
2.029296875000000000e+00
2.031250000000000000e+00
2.033203125000000000e+00
2.033203125000000000e+00
2.033203125000000000e+00
2.031250000000000000e+00
2.029296875000000000e+00
2.033203125000000000e+00
2.031250000000000000e+00
2.027343750000000000e+00
2.031250000000000000e+00
2.033203125000000000e+00
2.033203125000000000e+00
2.029296875000000000e+00
2.029296875000000000e+00
2.027343750000000000e+00
2.031250000000000000e+00
2.031250000000000000e+00
2.029296875000000000e+00
2.029296875000000000e+00
2.029296875000000000e+00
2.029296875000000000e+00
2.033203125000000000e+00
2.031250000000000000e+00
2.031250000000000000e+00
2.031250000000000000e+00
2.029296875000000000e+00
2.029296875000000000e+00
2.027343750000000000e+00
2.027343750000000000e+00
2.029296875000000000e+00
2.029296875000000000e+00
2.029296875000000000e+00
2.029296875000000000e+00
2.029296875000000000e+00
2.027343750000000000e+00
2.027343750000000000e+00
2.029296875000000000e+00
2.029296875000000000e+00
2.027343750000000000e+00
2.029296875000000000e+00
2.029296875000000000e+00
2.027343750000000000e+00
2.027343750000000000e+00
2.029296875000000000e+00
2.031250000000000000e+00
2.029296875000000000e+00
2.029296875000000000e+00
2.027343750000000000e+00
2.027343750000000000e+00
2.027343750000000000e+00
2.027343750000000000e+00
2.029296875000000000e+00
2.027343750000000000e+00
2.027343750000000000e+00
2.027343750000000000e+00
2.023437500000000000e+00
2.023437500000000000e+00
2.027343750000000000e+00
2.027343750000000000e+00
2.029296875000000000e+00
2.029296875000000000e+00
2.029296875000000000e+00
2.023437500000000000e+00
2.027343750000000000e+00
2.023437500000000000e+00
2.027343750000000000e+00
2.027343750000000000e+00
2.027343750000000000e+00
2.029296875000000000e+00
2.027343750000000000e+00
2.023437500000000000e+00
2.021484375000000000e+00
2.021484375000000000e+00
2.021484375000000000e+00
2.021484375000000000e+00
2.021484375000000000e+00
2.021484375000000000e+00
2.021484375000000000e+00
2.021484375000000000e+00
2.019531250000000000e+00
2.023437500000000000e+00
2.021484375000000000e+00
2.023437500000000000e+00
2.019531250000000000e+00
2.019531250000000000e+00
2.019531250000000000e+00
2.019531250000000000e+00
2.019531250000000000e+00
2.021484375000000000e+00
2.021484375000000000e+00
2.023437500000000000e+00
2.023437500000000000e+00
2.021484375000000000e+00
2.019531250000000000e+00
2.019531250000000000e+00
2.019531250000000000e+00
2.021484375000000000e+00
2.019531250000000000e+00
2.019531250000000000e+00
2.015625000000000000e+00
2.015625000000000000e+00
2.015625000000000000e+00
2.015625000000000000e+00
2.015625000000000000e+00
2.019531250000000000e+00
2.019531250000000000e+00
2.015625000000000000e+00
2.015625000000000000e+00
2.015625000000000000e+00
2.015625000000000000e+00
2.015625000000000000e+00
2.015625000000000000e+00
2.013671875000000000e+00
2.015625000000000000e+00
2.015625000000000000e+00
2.015625000000000000e+00
2.013671875000000000e+00
2.013671875000000000e+00
2.013671875000000000e+00
2.013671875000000000e+00
2.015625000000000000e+00
2.015625000000000000e+00
2.015625000000000000e+00
2.013671875000000000e+00
2.013671875000000000e+00
2.015625000000000000e+00
2.013671875000000000e+00
2.011718750000000000e+00
2.009765625000000000e+00
2.011718750000000000e+00
2.011718750000000000e+00
2.011718750000000000e+00
2.013671875000000000e+00
2.015625000000000000e+00
2.015625000000000000e+00
2.013671875000000000e+00
2.011718750000000000e+00
2.009765625000000000e+00
2.011718750000000000e+00
2.013671875000000000e+00
2.011718750000000000e+00
2.009765625000000000e+00
2.009765625000000000e+00
2.009765625000000000e+00
2.011718750000000000e+00
2.011718750000000000e+00
2.011718750000000000e+00
2.011718750000000000e+00
2.013671875000000000e+00
2.009765625000000000e+00
2.009765625000000000e+00
2.009765625000000000e+00
2.009765625000000000e+00
2.011718750000000000e+00
2.013671875000000000e+00
2.009765625000000000e+00
2.009765625000000000e+00
2.009765625000000000e+00
2.009765625000000000e+00
2.009765625000000000e+00
2.011718750000000000e+00
2.011718750000000000e+00
2.009765625000000000e+00
2.007812500000000000e+00
2.007812500000000000e+00
2.009765625000000000e+00
2.009765625000000000e+00
2.009765625000000000e+00
2.011718750000000000e+00
2.007812500000000000e+00
2.007812500000000000e+00
2.003906250000000000e+00
2.003906250000000000e+00
2.007812500000000000e+00
2.007812500000000000e+00
2.009765625000000000e+00
2.003906250000000000e+00
2.007812500000000000e+00
2.009765625000000000e+00
2.007812500000000000e+00
2.007812500000000000e+00
2.007812500000000000e+00
2.007812500000000000e+00
2.007812500000000000e+00
2.003906250000000000e+00
2.003906250000000000e+00
2.001953125000000000e+00
2.001953125000000000e+00
2.003906250000000000e+00
2.003906250000000000e+00
2.001953125000000000e+00
2.001953125000000000e+00
2.001953125000000000e+00
2.001953125000000000e+00
2.003906250000000000e+00
2.003906250000000000e+00
2.001953125000000000e+00
2.001953125000000000e+00
2.001953125000000000e+00
2.001953125000000000e+00
2.001953125000000000e+00
2.003906250000000000e+00
2.003906250000000000e+00
2.001953125000000000e+00
2.001953125000000000e+00
2.000000000000000000e+00
2.000000000000000000e+00
2.000000000000000000e+00
2.000000000000000000e+00
2.001953125000000000e+00
2.000000000000000000e+00
2.001953125000000000e+00
2.000000000000000000e+00
2.000000000000000000e+00
2.001953125000000000e+00
2.001953125000000000e+00
2.001953125000000000e+00
2.001953125000000000e+00
2.000000000000000000e+00
2.000000000000000000e+00
1.997070312500000000e+00
2.000000000000000000e+00
2.000000000000000000e+00
2.000000000000000000e+00
2.000000000000000000e+00
1.997070312500000000e+00
2.000000000000000000e+00
2.001953125000000000e+00
2.000000000000000000e+00
1.997070312500000000e+00
1.997070312500000000e+00
1.997070312500000000e+00
1.997070312500000000e+00
1.997070312500000000e+00
1.997070312500000000e+00
2.000000000000000000e+00
1.997070312500000000e+00
1.992187500000000000e+00
1.992187500000000000e+00
1.994140625000000000e+00
1.994140625000000000e+00
1.992187500000000000e+00
1.992187500000000000e+00
1.990234375000000000e+00
1.992187500000000000e+00
1.992187500000000000e+00
1.994140625000000000e+00
1.997070312500000000e+00
1.997070312500000000e+00
1.997070312500000000e+00
1.992187500000000000e+00
1.992187500000000000e+00
1.990234375000000000e+00
1.990234375000000000e+00
1.994140625000000000e+00
1.992187500000000000e+00
1.990234375000000000e+00
1.990234375000000000e+00
1.990234375000000000e+00
1.990234375000000000e+00
1.992187500000000000e+00
1.992187500000000000e+00
1.990234375000000000e+00
1.990234375000000000e+00
1.990234375000000000e+00
1.992187500000000000e+00
1.992187500000000000e+00
1.990234375000000000e+00
1.987304687500000000e+00
1.990234375000000000e+00
1.990234375000000000e+00
1.992187500000000000e+00
1.992187500000000000e+00
1.992187500000000000e+00
1.992187500000000000e+00
1.987304687500000000e+00
1.987304687500000000e+00
1.984375000000000000e+00
1.984375000000000000e+00
1.987304687500000000e+00
1.990234375000000000e+00
1.987304687500000000e+00
1.987304687500000000e+00
1.984375000000000000e+00
1.984375000000000000e+00
1.984375000000000000e+00
1.987304687500000000e+00
1.987304687500000000e+00
1.987304687500000000e+00
1.987304687500000000e+00
1.987304687500000000e+00
1.984375000000000000e+00
1.982421875000000000e+00
1.984375000000000000e+00
1.982421875000000000e+00
1.984375000000000000e+00
1.982421875000000000e+00
1.984375000000000000e+00
1.984375000000000000e+00
1.987304687500000000e+00
1.984375000000000000e+00
1.982421875000000000e+00
1.982421875000000000e+00
1.982421875000000000e+00
1.984375000000000000e+00
1.984375000000000000e+00
1.982421875000000000e+00
1.982421875000000000e+00
1.982421875000000000e+00
1.982421875000000000e+00
1.982421875000000000e+00
1.982421875000000000e+00
1.974609375000000000e+00
1.974609375000000000e+00
1.980468750000000000e+00
1.977539062500000000e+00
1.977539062500000000e+00
1.977539062500000000e+00
1.974609375000000000e+00
1.977539062500000000e+00
1.977539062500000000e+00
1.980468750000000000e+00
1.980468750000000000e+00
1.980468750000000000e+00
1.977539062500000000e+00
1.977539062500000000e+00
1.977539062500000000e+00
1.977539062500000000e+00
1.980468750000000000e+00
1.980468750000000000e+00
1.980468750000000000e+00
1.977539062500000000e+00
1.977539062500000000e+00
1.980468750000000000e+00
1.980468750000000000e+00
1.980468750000000000e+00
1.982421875000000000e+00
1.980468750000000000e+00
1.977539062500000000e+00
1.977539062500000000e+00
1.977539062500000000e+00
1.977539062500000000e+00
1.977539062500000000e+00
1.980468750000000000e+00
1.977539062500000000e+00
1.977539062500000000e+00
1.974609375000000000e+00
1.977539062500000000e+00
1.977539062500000000e+00
1.977539062500000000e+00
1.974609375000000000e+00
1.977539062500000000e+00
1.974609375000000000e+00
1.977539062500000000e+00
1.974609375000000000e+00
1.974609375000000000e+00
1.974609375000000000e+00
1.977539062500000000e+00
1.977539062500000000e+00
1.980468750000000000e+00
1.977539062500000000e+00
1.974609375000000000e+00
1.972656250000000000e+00
1.974609375000000000e+00
1.974609375000000000e+00
1.972656250000000000e+00
1.974609375000000000e+00
1.974609375000000000e+00
1.974609375000000000e+00
1.972656250000000000e+00
1.972656250000000000e+00
1.970703125000000000e+00
1.972656250000000000e+00
1.974609375000000000e+00
1.970703125000000000e+00
1.970703125000000000e+00
1.967773437500000000e+00
1.967773437500000000e+00
1.967773437500000000e+00
1.970703125000000000e+00
1.970703125000000000e+00
1.972656250000000000e+00
1.972656250000000000e+00
1.972656250000000000e+00
1.970703125000000000e+00
1.970703125000000000e+00
1.967773437500000000e+00
1.970703125000000000e+00
1.970703125000000000e+00
1.970703125000000000e+00
1.967773437500000000e+00
1.964843750000000000e+00
1.970703125000000000e+00
1.967773437500000000e+00
1.970703125000000000e+00
1.967773437500000000e+00
1.964843750000000000e+00
1.967773437500000000e+00
1.970703125000000000e+00
1.967773437500000000e+00
1.967773437500000000e+00
1.964843750000000000e+00
1.967773437500000000e+00
1.967773437500000000e+00
1.964843750000000000e+00
1.967773437500000000e+00
1.967773437500000000e+00
1.964843750000000000e+00
1.964843750000000000e+00
1.962890625000000000e+00
1.964843750000000000e+00
1.964843750000000000e+00
1.964843750000000000e+00
1.962890625000000000e+00
1.962890625000000000e+00
1.962890625000000000e+00
1.962890625000000000e+00
1.962890625000000000e+00
1.960937500000000000e+00
1.960937500000000000e+00
1.960937500000000000e+00
1.962890625000000000e+00
1.962890625000000000e+00
1.962890625000000000e+00
1.962890625000000000e+00
1.964843750000000000e+00
1.962890625000000000e+00
1.962890625000000000e+00
1.962890625000000000e+00
1.962890625000000000e+00
1.962890625000000000e+00
1.962890625000000000e+00
1.960937500000000000e+00
1.960937500000000000e+00
1.958007812500000000e+00
1.962890625000000000e+00
1.962890625000000000e+00
1.962890625000000000e+00
1.962890625000000000e+00
1.962890625000000000e+00
1.960937500000000000e+00
1.960937500000000000e+00
1.960937500000000000e+00
1.958007812500000000e+00
1.960937500000000000e+00
1.962890625000000000e+00
1.962890625000000000e+00
1.962890625000000000e+00
1.960937500000000000e+00
1.962890625000000000e+00
1.958007812500000000e+00
1.958007812500000000e+00
1.958007812500000000e+00
1.960937500000000000e+00
1.960937500000000000e+00
1.960937500000000000e+00
1.958007812500000000e+00
1.958007812500000000e+00
1.958007812500000000e+00
1.958007812500000000e+00
1.958007812500000000e+00
1.955078125000000000e+00
1.958007812500000000e+00
1.958007812500000000e+00
1.958007812500000000e+00
1.958007812500000000e+00
1.960937500000000000e+00
1.958007812500000000e+00
1.958007812500000000e+00
1.955078125000000000e+00
1.953125000000000000e+00
1.953125000000000000e+00
1.953125000000000000e+00
1.955078125000000000e+00
1.955078125000000000e+00
1.955078125000000000e+00
1.953125000000000000e+00
1.953125000000000000e+00
1.955078125000000000e+00
1.955078125000000000e+00
1.953125000000000000e+00
1.951171875000000000e+00
1.953125000000000000e+00
1.951171875000000000e+00
1.953125000000000000e+00
1.953125000000000000e+00
1.953125000000000000e+00
1.951171875000000000e+00
1.951171875000000000e+00
1.951171875000000000e+00
1.951171875000000000e+00
1.951171875000000000e+00
1.951171875000000000e+00
1.955078125000000000e+00
1.951171875000000000e+00
1.948242187500000000e+00
1.948242187500000000e+00
1.951171875000000000e+00
1.948242187500000000e+00
1.951171875000000000e+00
1.948242187500000000e+00
1.948242187500000000e+00
1.948242187500000000e+00
1.953125000000000000e+00
1.953125000000000000e+00
1.951171875000000000e+00
1.945312500000000000e+00
1.948242187500000000e+00
1.951171875000000000e+00
1.948242187500000000e+00
1.951171875000000000e+00
1.945312500000000000e+00
1.945312500000000000e+00
1.948242187500000000e+00
1.948242187500000000e+00
1.945312500000000000e+00
1.948242187500000000e+00
1.945312500000000000e+00
1.943359375000000000e+00
1.943359375000000000e+00
1.941406250000000000e+00
1.943359375000000000e+00
1.943359375000000000e+00
1.943359375000000000e+00
1.943359375000000000e+00
1.941406250000000000e+00
1.941406250000000000e+00
1.941406250000000000e+00
1.943359375000000000e+00
1.941406250000000000e+00
1.941406250000000000e+00
1.941406250000000000e+00
1.943359375000000000e+00
1.943359375000000000e+00
1.943359375000000000e+00
1.941406250000000000e+00
1.943359375000000000e+00
1.945312500000000000e+00
1.945312500000000000e+00
1.943359375000000000e+00
1.941406250000000000e+00
1.943359375000000000e+00
1.943359375000000000e+00
1.943359375000000000e+00
1.941406250000000000e+00
1.941406250000000000e+00
1.941406250000000000e+00
1.943359375000000000e+00
1.941406250000000000e+00
1.941406250000000000e+00
1.938476562500000000e+00
1.938476562500000000e+00
1.938476562500000000e+00
1.938476562500000000e+00
1.938476562500000000e+00
1.935546875000000000e+00
1.935546875000000000e+00
1.938476562500000000e+00
1.935546875000000000e+00
1.933593750000000000e+00
1.935546875000000000e+00
1.935546875000000000e+00
1.938476562500000000e+00
1.938476562500000000e+00
1.938476562500000000e+00
1.935546875000000000e+00
1.933593750000000000e+00
1.933593750000000000e+00
1.933593750000000000e+00
1.933593750000000000e+00
1.933593750000000000e+00
1.935546875000000000e+00
1.933593750000000000e+00
1.933593750000000000e+00
1.931640625000000000e+00
1.933593750000000000e+00
1.935546875000000000e+00
1.933593750000000000e+00
1.931640625000000000e+00
1.931640625000000000e+00
1.931640625000000000e+00
1.928710937500000000e+00
1.931640625000000000e+00
1.931640625000000000e+00
1.933593750000000000e+00
1.931640625000000000e+00
1.928710937500000000e+00
1.928710937500000000e+00
1.928710937500000000e+00
1.928710937500000000e+00
1.931640625000000000e+00
1.928710937500000000e+00
1.928710937500000000e+00
1.925781250000000000e+00
1.925781250000000000e+00
1.925781250000000000e+00
1.928710937500000000e+00
1.931640625000000000e+00
1.928710937500000000e+00
1.928710937500000000e+00
1.928710937500000000e+00
1.931640625000000000e+00
1.931640625000000000e+00
1.928710937500000000e+00
1.925781250000000000e+00
1.925781250000000000e+00
1.928710937500000000e+00
1.928710937500000000e+00
1.925781250000000000e+00
1.923828125000000000e+00
1.923828125000000000e+00
1.921875000000000000e+00
1.923828125000000000e+00
1.921875000000000000e+00
1.921875000000000000e+00
1.921875000000000000e+00
1.921875000000000000e+00
1.923828125000000000e+00
1.921875000000000000e+00
1.923828125000000000e+00
1.921875000000000000e+00
1.925781250000000000e+00
1.921875000000000000e+00
1.921875000000000000e+00
1.918945312500000000e+00
1.921875000000000000e+00
1.921875000000000000e+00
1.923828125000000000e+00
1.923828125000000000e+00
1.923828125000000000e+00
1.923828125000000000e+00
1.921875000000000000e+00
1.921875000000000000e+00
1.921875000000000000e+00
1.923828125000000000e+00
1.921875000000000000e+00
1.918945312500000000e+00
1.918945312500000000e+00
1.916015625000000000e+00
1.918945312500000000e+00
1.916015625000000000e+00
1.921875000000000000e+00
1.921875000000000000e+00
1.918945312500000000e+00
1.918945312500000000e+00
1.918945312500000000e+00
1.918945312500000000e+00
1.918945312500000000e+00
1.918945312500000000e+00
1.918945312500000000e+00
1.921875000000000000e+00
1.918945312500000000e+00
1.918945312500000000e+00
1.916015625000000000e+00
1.916015625000000000e+00
1.916015625000000000e+00
1.914062500000000000e+00
1.914062500000000000e+00
1.914062500000000000e+00
1.914062500000000000e+00
1.916015625000000000e+00
1.912109375000000000e+00
1.912109375000000000e+00
1.912109375000000000e+00
1.912109375000000000e+00
1.914062500000000000e+00
1.914062500000000000e+00
1.914062500000000000e+00
1.912109375000000000e+00
1.909179687500000000e+00
1.912109375000000000e+00
1.912109375000000000e+00
1.912109375000000000e+00
1.912109375000000000e+00
1.912109375000000000e+00
1.912109375000000000e+00
1.912109375000000000e+00
1.912109375000000000e+00
1.909179687500000000e+00
1.909179687500000000e+00
1.906250000000000000e+00
1.906250000000000000e+00
1.909179687500000000e+00
1.909179687500000000e+00
1.912109375000000000e+00
1.912109375000000000e+00
1.912109375000000000e+00
1.909179687500000000e+00
1.906250000000000000e+00
1.906250000000000000e+00
1.906250000000000000e+00
1.904296875000000000e+00
1.904296875000000000e+00
1.906250000000000000e+00
1.906250000000000000e+00
1.906250000000000000e+00
1.904296875000000000e+00
1.904296875000000000e+00
1.906250000000000000e+00
1.909179687500000000e+00
1.906250000000000000e+00
1.904296875000000000e+00
1.904296875000000000e+00
1.902343750000000000e+00
1.904296875000000000e+00
1.904296875000000000e+00
1.904296875000000000e+00
1.906250000000000000e+00
1.904296875000000000e+00
1.902343750000000000e+00
1.904296875000000000e+00
1.906250000000000000e+00
1.906250000000000000e+00
1.904296875000000000e+00
1.902343750000000000e+00
1.899414062500000000e+00
1.902343750000000000e+00
1.904296875000000000e+00
1.904296875000000000e+00
1.904296875000000000e+00
1.904296875000000000e+00
1.902343750000000000e+00
1.899414062500000000e+00
1.899414062500000000e+00
1.899414062500000000e+00
1.899414062500000000e+00
1.896484375000000000e+00
1.894531250000000000e+00
1.896484375000000000e+00
1.899414062500000000e+00
1.896484375000000000e+00
1.899414062500000000e+00
1.902343750000000000e+00
1.899414062500000000e+00
1.896484375000000000e+00
1.896484375000000000e+00
1.896484375000000000e+00
1.899414062500000000e+00
1.899414062500000000e+00
1.896484375000000000e+00
1.896484375000000000e+00
1.896484375000000000e+00
1.896484375000000000e+00
1.899414062500000000e+00
1.896484375000000000e+00
1.896484375000000000e+00
1.894531250000000000e+00
1.894531250000000000e+00
1.892578125000000000e+00
1.894531250000000000e+00
1.896484375000000000e+00
1.896484375000000000e+00
1.896484375000000000e+00
1.894531250000000000e+00
1.892578125000000000e+00
1.889648437500000000e+00
1.894531250000000000e+00
1.894531250000000000e+00
1.896484375000000000e+00
1.894531250000000000e+00
1.892578125000000000e+00
1.889648437500000000e+00
1.886718750000000000e+00
1.892578125000000000e+00
1.892578125000000000e+00
1.892578125000000000e+00
1.892578125000000000e+00
1.892578125000000000e+00
1.889648437500000000e+00
1.889648437500000000e+00
1.886718750000000000e+00
1.886718750000000000e+00
1.889648437500000000e+00
1.889648437500000000e+00
1.889648437500000000e+00
1.889648437500000000e+00
1.886718750000000000e+00
1.886718750000000000e+00
1.884765625000000000e+00
1.884765625000000000e+00
1.886718750000000000e+00
1.889648437500000000e+00
1.889648437500000000e+00
1.884765625000000000e+00
1.886718750000000000e+00
1.886718750000000000e+00
1.886718750000000000e+00
1.886718750000000000e+00
1.886718750000000000e+00
1.886718750000000000e+00
1.884765625000000000e+00
1.882812500000000000e+00
1.879882812500000000e+00
1.879882812500000000e+00
1.882812500000000000e+00
1.882812500000000000e+00
1.884765625000000000e+00
1.882812500000000000e+00
1.879882812500000000e+00
1.879882812500000000e+00
1.876953125000000000e+00
1.882812500000000000e+00
1.882812500000000000e+00
1.882812500000000000e+00
1.879882812500000000e+00
1.879882812500000000e+00
1.879882812500000000e+00
1.879882812500000000e+00
1.879882812500000000e+00
1.876953125000000000e+00
1.879882812500000000e+00
1.882812500000000000e+00
1.879882812500000000e+00
1.876953125000000000e+00
1.876953125000000000e+00
1.876953125000000000e+00
1.879882812500000000e+00
1.875000000000000000e+00
1.875000000000000000e+00
1.875000000000000000e+00
1.875000000000000000e+00
1.876953125000000000e+00
1.873046875000000000e+00
1.873046875000000000e+00
1.873046875000000000e+00
1.870117187500000000e+00
1.875000000000000000e+00
1.873046875000000000e+00
1.870117187500000000e+00
1.873046875000000000e+00
1.873046875000000000e+00
1.873046875000000000e+00
1.873046875000000000e+00
1.873046875000000000e+00
1.873046875000000000e+00
1.870117187500000000e+00
1.873046875000000000e+00
1.873046875000000000e+00
1.873046875000000000e+00
1.870117187500000000e+00
1.873046875000000000e+00
1.870117187500000000e+00
1.867187500000000000e+00
1.870117187500000000e+00
1.870117187500000000e+00
1.867187500000000000e+00
1.867187500000000000e+00
1.867187500000000000e+00
1.870117187500000000e+00
1.873046875000000000e+00
1.870117187500000000e+00
1.867187500000000000e+00
1.870117187500000000e+00
1.867187500000000000e+00
1.870117187500000000e+00
1.870117187500000000e+00
1.873046875000000000e+00
1.873046875000000000e+00
1.867187500000000000e+00
1.867187500000000000e+00
1.865234375000000000e+00
1.867187500000000000e+00
1.867187500000000000e+00
1.867187500000000000e+00
1.867187500000000000e+00
1.865234375000000000e+00
1.865234375000000000e+00
1.865234375000000000e+00
1.865234375000000000e+00
1.867187500000000000e+00
1.867187500000000000e+00
1.865234375000000000e+00
1.863281250000000000e+00
1.860351562500000000e+00
1.863281250000000000e+00
1.865234375000000000e+00
1.863281250000000000e+00
1.860351562500000000e+00
1.860351562500000000e+00
1.863281250000000000e+00
1.863281250000000000e+00
1.860351562500000000e+00
1.860351562500000000e+00
1.863281250000000000e+00
1.863281250000000000e+00
1.860351562500000000e+00
1.857421875000000000e+00
1.857421875000000000e+00
1.860351562500000000e+00
1.860351562500000000e+00
1.860351562500000000e+00
1.857421875000000000e+00
1.857421875000000000e+00
1.860351562500000000e+00
1.860351562500000000e+00
1.857421875000000000e+00
1.855468750000000000e+00
1.853515625000000000e+00
1.855468750000000000e+00
1.857421875000000000e+00
1.857421875000000000e+00
1.857421875000000000e+00
1.857421875000000000e+00
1.855468750000000000e+00
1.855468750000000000e+00
1.855468750000000000e+00
1.855468750000000000e+00
1.853515625000000000e+00
1.853515625000000000e+00
1.850585937500000000e+00
1.855468750000000000e+00
1.855468750000000000e+00
1.855468750000000000e+00
1.853515625000000000e+00
1.853515625000000000e+00
1.853515625000000000e+00
1.855468750000000000e+00
1.853515625000000000e+00
1.853515625000000000e+00
1.850585937500000000e+00
1.850585937500000000e+00
1.850585937500000000e+00
1.850585937500000000e+00
1.850585937500000000e+00
1.855468750000000000e+00
1.853515625000000000e+00
1.850585937500000000e+00
1.850585937500000000e+00
1.847656250000000000e+00
1.845703125000000000e+00
1.845703125000000000e+00
1.847656250000000000e+00
1.847656250000000000e+00
1.850585937500000000e+00
1.847656250000000000e+00
1.845703125000000000e+00
1.845703125000000000e+00
1.845703125000000000e+00
1.845703125000000000e+00
1.847656250000000000e+00
1.847656250000000000e+00
1.845703125000000000e+00
1.847656250000000000e+00
1.845703125000000000e+00
1.845703125000000000e+00
1.845703125000000000e+00
1.847656250000000000e+00
1.847656250000000000e+00
1.845703125000000000e+00
1.845703125000000000e+00
1.845703125000000000e+00
1.843750000000000000e+00
1.843750000000000000e+00
1.845703125000000000e+00
1.843750000000000000e+00
1.840820312500000000e+00
1.843750000000000000e+00
1.843750000000000000e+00
1.843750000000000000e+00
1.843750000000000000e+00
1.840820312500000000e+00
1.840820312500000000e+00
1.843750000000000000e+00
1.843750000000000000e+00
1.843750000000000000e+00
1.843750000000000000e+00
1.840820312500000000e+00
1.840820312500000000e+00
1.837890625000000000e+00
1.840820312500000000e+00
1.840820312500000000e+00
1.843750000000000000e+00
1.840820312500000000e+00
1.840820312500000000e+00
1.837890625000000000e+00
1.837890625000000000e+00
1.837890625000000000e+00
1.837890625000000000e+00
1.837890625000000000e+00
1.837890625000000000e+00
1.835937500000000000e+00
1.837890625000000000e+00
1.837890625000000000e+00
1.837890625000000000e+00
1.837890625000000000e+00
1.837890625000000000e+00
1.837890625000000000e+00
1.837890625000000000e+00
1.840820312500000000e+00
1.837890625000000000e+00
1.835937500000000000e+00
1.833984375000000000e+00
1.835937500000000000e+00
1.835937500000000000e+00
1.835937500000000000e+00
1.833984375000000000e+00
1.833984375000000000e+00
1.833984375000000000e+00
1.833984375000000000e+00
1.833984375000000000e+00
1.835937500000000000e+00
1.835937500000000000e+00
1.833984375000000000e+00
1.831054687500000000e+00
1.831054687500000000e+00
1.831054687500000000e+00
1.833984375000000000e+00
1.833984375000000000e+00
1.835937500000000000e+00
1.831054687500000000e+00
1.831054687500000000e+00
1.831054687500000000e+00
1.833984375000000000e+00
1.833984375000000000e+00
1.831054687500000000e+00
1.835937500000000000e+00
1.831054687500000000e+00
1.833984375000000000e+00
1.828125000000000000e+00
1.831054687500000000e+00
1.828125000000000000e+00
1.828125000000000000e+00
1.831054687500000000e+00
1.833984375000000000e+00
1.831054687500000000e+00
1.826171875000000000e+00
1.824218750000000000e+00
1.826171875000000000e+00
1.826171875000000000e+00
1.826171875000000000e+00
1.828125000000000000e+00
1.828125000000000000e+00
1.828125000000000000e+00
1.828125000000000000e+00
1.828125000000000000e+00
1.826171875000000000e+00
1.828125000000000000e+00
1.826171875000000000e+00
1.828125000000000000e+00
1.826171875000000000e+00
1.824218750000000000e+00
1.824218750000000000e+00
1.824218750000000000e+00
1.826171875000000000e+00
1.824218750000000000e+00
1.824218750000000000e+00
1.824218750000000000e+00
1.821289062500000000e+00
1.824218750000000000e+00
1.826171875000000000e+00
1.826171875000000000e+00
1.824218750000000000e+00
1.821289062500000000e+00
1.821289062500000000e+00
1.824218750000000000e+00
1.824218750000000000e+00
1.824218750000000000e+00
1.821289062500000000e+00
1.821289062500000000e+00
1.821289062500000000e+00
1.824218750000000000e+00
1.826171875000000000e+00
1.824218750000000000e+00
1.826171875000000000e+00
1.824218750000000000e+00
1.821289062500000000e+00
1.818359375000000000e+00
1.816406250000000000e+00
1.816406250000000000e+00
1.816406250000000000e+00
1.818359375000000000e+00
1.821289062500000000e+00
1.818359375000000000e+00
1.818359375000000000e+00
1.821289062500000000e+00
1.818359375000000000e+00
1.816406250000000000e+00
1.816406250000000000e+00
1.818359375000000000e+00
1.818359375000000000e+00
1.818359375000000000e+00
1.818359375000000000e+00
1.814453125000000000e+00
1.814453125000000000e+00
1.816406250000000000e+00
1.816406250000000000e+00
1.816406250000000000e+00
1.816406250000000000e+00
1.816406250000000000e+00
1.814453125000000000e+00
1.816406250000000000e+00
1.816406250000000000e+00
1.814453125000000000e+00
1.811523437500000000e+00
1.814453125000000000e+00
1.811523437500000000e+00
1.811523437500000000e+00
1.814453125000000000e+00
1.816406250000000000e+00
1.816406250000000000e+00
1.816406250000000000e+00
1.814453125000000000e+00
1.811523437500000000e+00
1.811523437500000000e+00
1.811523437500000000e+00
1.808593750000000000e+00
1.811523437500000000e+00
1.808593750000000000e+00
1.811523437500000000e+00
1.811523437500000000e+00
1.811523437500000000e+00
1.808593750000000000e+00
1.806640625000000000e+00
1.808593750000000000e+00
1.808593750000000000e+00
1.811523437500000000e+00
1.808593750000000000e+00
1.808593750000000000e+00
1.808593750000000000e+00
1.808593750000000000e+00
1.808593750000000000e+00
1.808593750000000000e+00
1.808593750000000000e+00
1.806640625000000000e+00
1.806640625000000000e+00
1.808593750000000000e+00
1.808593750000000000e+00
1.808593750000000000e+00
1.808593750000000000e+00
1.808593750000000000e+00
1.806640625000000000e+00
1.806640625000000000e+00
1.806640625000000000e+00
1.806640625000000000e+00
1.806640625000000000e+00
1.806640625000000000e+00
1.804687500000000000e+00
1.804687500000000000e+00
1.804687500000000000e+00
1.806640625000000000e+00
1.804687500000000000e+00
1.801757812500000000e+00
1.804687500000000000e+00
1.804687500000000000e+00
1.801757812500000000e+00
1.801757812500000000e+00
1.801757812500000000e+00
1.801757812500000000e+00
1.801757812500000000e+00
1.801757812500000000e+00
1.804687500000000000e+00
1.804687500000000000e+00
1.801757812500000000e+00
1.801757812500000000e+00
1.798828125000000000e+00
1.798828125000000000e+00
1.798828125000000000e+00
1.798828125000000000e+00
1.801757812500000000e+00
1.798828125000000000e+00
1.798828125000000000e+00
1.796875000000000000e+00
1.796875000000000000e+00
1.798828125000000000e+00
1.798828125000000000e+00
1.801757812500000000e+00
1.801757812500000000e+00
1.796875000000000000e+00
1.796875000000000000e+00
1.794921875000000000e+00
1.794921875000000000e+00
1.796875000000000000e+00
1.798828125000000000e+00
1.801757812500000000e+00
1.798828125000000000e+00
1.796875000000000000e+00
1.796875000000000000e+00
1.794921875000000000e+00
1.794921875000000000e+00
1.794921875000000000e+00
1.794921875000000000e+00
1.791992187500000000e+00
1.789062500000000000e+00
1.791992187500000000e+00
1.791992187500000000e+00
1.791992187500000000e+00
1.794921875000000000e+00
1.794921875000000000e+00
1.794921875000000000e+00
1.794921875000000000e+00
1.791992187500000000e+00
1.789062500000000000e+00
1.789062500000000000e+00
1.789062500000000000e+00
1.791992187500000000e+00
1.791992187500000000e+00
1.791992187500000000e+00
1.789062500000000000e+00
1.789062500000000000e+00
1.787109375000000000e+00
1.787109375000000000e+00
1.789062500000000000e+00
1.789062500000000000e+00
1.791992187500000000e+00
1.789062500000000000e+00
1.789062500000000000e+00
1.787109375000000000e+00
1.787109375000000000e+00
1.782226562500000000e+00
1.782226562500000000e+00
1.785156250000000000e+00
1.785156250000000000e+00
1.787109375000000000e+00
1.787109375000000000e+00
1.785156250000000000e+00
1.785156250000000000e+00
1.785156250000000000e+00
1.785156250000000000e+00
1.785156250000000000e+00
1.785156250000000000e+00
1.785156250000000000e+00
1.785156250000000000e+00
1.785156250000000000e+00
1.782226562500000000e+00
1.779296875000000000e+00
1.779296875000000000e+00
1.777343750000000000e+00
1.779296875000000000e+00
1.782226562500000000e+00
1.782226562500000000e+00
1.785156250000000000e+00
1.782226562500000000e+00
1.779296875000000000e+00
1.779296875000000000e+00
1.779296875000000000e+00
1.779296875000000000e+00
1.782226562500000000e+00
1.779296875000000000e+00
1.777343750000000000e+00
1.777343750000000000e+00
1.777343750000000000e+00
1.777343750000000000e+00
1.777343750000000000e+00
1.777343750000000000e+00
1.775390625000000000e+00
1.777343750000000000e+00
1.775390625000000000e+00
1.772460937500000000e+00
1.772460937500000000e+00
1.775390625000000000e+00
1.777343750000000000e+00
1.775390625000000000e+00
1.775390625000000000e+00
1.775390625000000000e+00
1.772460937500000000e+00
1.772460937500000000e+00
1.772460937500000000e+00
1.775390625000000000e+00
1.775390625000000000e+00
1.772460937500000000e+00
1.772460937500000000e+00
1.769531250000000000e+00
1.772460937500000000e+00
1.775390625000000000e+00
1.775390625000000000e+00
1.775390625000000000e+00
1.775390625000000000e+00
1.772460937500000000e+00
1.769531250000000000e+00
1.769531250000000000e+00
1.767578125000000000e+00
1.769531250000000000e+00
1.772460937500000000e+00
1.772460937500000000e+00
1.772460937500000000e+00
1.769531250000000000e+00
1.769531250000000000e+00
1.767578125000000000e+00
1.765625000000000000e+00
1.767578125000000000e+00
1.767578125000000000e+00
1.767578125000000000e+00
1.767578125000000000e+00
1.765625000000000000e+00
1.765625000000000000e+00
1.765625000000000000e+00
1.767578125000000000e+00
1.767578125000000000e+00
1.767578125000000000e+00
1.765625000000000000e+00
1.765625000000000000e+00
1.762695312500000000e+00
1.762695312500000000e+00
1.765625000000000000e+00
1.762695312500000000e+00
1.762695312500000000e+00
1.759765625000000000e+00
1.762695312500000000e+00
1.759765625000000000e+00
1.762695312500000000e+00
1.765625000000000000e+00
1.765625000000000000e+00
1.762695312500000000e+00
1.759765625000000000e+00
1.757812500000000000e+00
1.759765625000000000e+00
1.759765625000000000e+00
1.759765625000000000e+00
1.757812500000000000e+00
1.755859375000000000e+00
1.757812500000000000e+00
1.757812500000000000e+00
1.759765625000000000e+00
1.757812500000000000e+00
1.755859375000000000e+00
1.755859375000000000e+00
1.757812500000000000e+00
1.757812500000000000e+00
1.757812500000000000e+00
1.757812500000000000e+00
1.757812500000000000e+00
1.755859375000000000e+00
1.752929687500000000e+00
1.752929687500000000e+00
1.755859375000000000e+00
1.755859375000000000e+00
1.757812500000000000e+00
1.755859375000000000e+00
1.755859375000000000e+00
1.755859375000000000e+00
1.755859375000000000e+00
1.752929687500000000e+00
1.750000000000000000e+00
1.752929687500000000e+00
1.752929687500000000e+00
1.750000000000000000e+00
1.748046875000000000e+00
1.748046875000000000e+00
1.748046875000000000e+00
1.750000000000000000e+00
1.752929687500000000e+00
1.752929687500000000e+00
1.752929687500000000e+00
1.752929687500000000e+00
1.748046875000000000e+00
1.748046875000000000e+00
1.746093750000000000e+00
1.746093750000000000e+00
1.748046875000000000e+00
1.748046875000000000e+00
1.748046875000000000e+00
1.746093750000000000e+00
1.748046875000000000e+00
1.748046875000000000e+00
1.748046875000000000e+00
1.746093750000000000e+00
1.748046875000000000e+00
1.748046875000000000e+00
1.748046875000000000e+00
1.746093750000000000e+00
1.746093750000000000e+00
1.740234375000000000e+00
1.740234375000000000e+00
1.743164062500000000e+00
1.743164062500000000e+00
1.743164062500000000e+00
1.743164062500000000e+00
1.740234375000000000e+00
1.738281250000000000e+00
1.738281250000000000e+00
1.738281250000000000e+00
1.740234375000000000e+00
1.740234375000000000e+00
1.740234375000000000e+00
1.738281250000000000e+00
1.738281250000000000e+00
1.738281250000000000e+00
1.740234375000000000e+00
1.740234375000000000e+00
1.743164062500000000e+00
1.740234375000000000e+00
1.740234375000000000e+00
1.738281250000000000e+00
1.736328125000000000e+00
1.740234375000000000e+00
1.740234375000000000e+00
1.738281250000000000e+00
1.736328125000000000e+00
1.733398437500000000e+00
1.736328125000000000e+00
1.733398437500000000e+00
1.736328125000000000e+00
1.733398437500000000e+00
1.736328125000000000e+00
1.733398437500000000e+00
1.730468750000000000e+00
1.730468750000000000e+00
1.730468750000000000e+00
1.730468750000000000e+00
1.730468750000000000e+00
1.733398437500000000e+00
1.736328125000000000e+00
1.736328125000000000e+00
1.733398437500000000e+00
1.733398437500000000e+00
1.730468750000000000e+00
1.728515625000000000e+00
1.728515625000000000e+00
1.730468750000000000e+00
1.733398437500000000e+00
1.733398437500000000e+00
1.733398437500000000e+00
1.728515625000000000e+00
1.730468750000000000e+00
1.723632812500000000e+00
1.726562500000000000e+00
1.728515625000000000e+00
1.726562500000000000e+00
1.726562500000000000e+00
1.728515625000000000e+00
1.726562500000000000e+00
1.726562500000000000e+00
1.723632812500000000e+00
1.723632812500000000e+00
1.723632812500000000e+00
1.726562500000000000e+00
1.726562500000000000e+00
1.726562500000000000e+00
1.723632812500000000e+00
1.723632812500000000e+00
1.720703125000000000e+00
1.720703125000000000e+00
1.723632812500000000e+00
1.723632812500000000e+00
1.720703125000000000e+00
1.716796875000000000e+00
1.716796875000000000e+00
1.718750000000000000e+00
1.720703125000000000e+00
1.720703125000000000e+00
1.718750000000000000e+00
1.718750000000000000e+00
1.718750000000000000e+00
1.718750000000000000e+00
1.720703125000000000e+00
1.720703125000000000e+00
1.720703125000000000e+00
1.716796875000000000e+00
1.716796875000000000e+00
1.716796875000000000e+00
1.718750000000000000e+00
1.718750000000000000e+00
1.716796875000000000e+00
1.713867187500000000e+00
1.713867187500000000e+00
1.713867187500000000e+00
1.716796875000000000e+00
1.716796875000000000e+00
1.716796875000000000e+00
1.713867187500000000e+00
1.713867187500000000e+00
1.713867187500000000e+00
1.716796875000000000e+00
1.710937500000000000e+00
1.713867187500000000e+00
1.713867187500000000e+00
1.708984375000000000e+00
1.710937500000000000e+00
1.708984375000000000e+00
1.710937500000000000e+00
1.713867187500000000e+00
1.713867187500000000e+00
1.710937500000000000e+00
1.708984375000000000e+00
1.710937500000000000e+00
1.710937500000000000e+00
1.708984375000000000e+00
1.707031250000000000e+00
1.707031250000000000e+00
1.708984375000000000e+00
1.707031250000000000e+00
1.707031250000000000e+00
1.707031250000000000e+00
1.707031250000000000e+00
1.704101562500000000e+00
1.707031250000000000e+00
1.708984375000000000e+00
1.708984375000000000e+00
1.707031250000000000e+00
1.707031250000000000e+00
1.704101562500000000e+00
1.704101562500000000e+00
1.701171875000000000e+00
1.704101562500000000e+00
1.704101562500000000e+00
1.701171875000000000e+00
1.699218750000000000e+00
1.699218750000000000e+00
1.699218750000000000e+00
1.697265625000000000e+00
1.701171875000000000e+00
1.699218750000000000e+00
1.701171875000000000e+00
1.699218750000000000e+00
1.699218750000000000e+00
1.701171875000000000e+00
1.699218750000000000e+00
1.697265625000000000e+00
1.697265625000000000e+00
1.697265625000000000e+00
1.697265625000000000e+00
1.697265625000000000e+00
1.694335937500000000e+00
1.694335937500000000e+00
1.697265625000000000e+00
1.697265625000000000e+00
1.694335937500000000e+00
1.694335937500000000e+00
1.697265625000000000e+00
1.697265625000000000e+00
1.691406250000000000e+00
1.691406250000000000e+00
1.691406250000000000e+00
1.694335937500000000e+00
1.694335937500000000e+00
1.691406250000000000e+00
1.691406250000000000e+00
1.689453125000000000e+00
1.691406250000000000e+00
1.691406250000000000e+00
1.691406250000000000e+00
1.691406250000000000e+00
1.689453125000000000e+00
1.689453125000000000e+00
1.684570312500000000e+00
1.687500000000000000e+00
1.689453125000000000e+00
1.689453125000000000e+00
1.689453125000000000e+00
1.689453125000000000e+00
1.687500000000000000e+00
1.684570312500000000e+00
1.684570312500000000e+00
1.684570312500000000e+00
1.687500000000000000e+00
1.687500000000000000e+00
1.687500000000000000e+00
1.684570312500000000e+00
1.687500000000000000e+00
1.684570312500000000e+00
1.681640625000000000e+00
1.681640625000000000e+00
1.681640625000000000e+00
1.684570312500000000e+00
1.681640625000000000e+00
1.684570312500000000e+00
1.681640625000000000e+00
1.681640625000000000e+00
1.679687500000000000e+00
1.681640625000000000e+00
1.679687500000000000e+00
1.677734375000000000e+00
1.677734375000000000e+00
1.679687500000000000e+00
1.677734375000000000e+00
1.677734375000000000e+00
1.679687500000000000e+00
1.677734375000000000e+00
1.677734375000000000e+00
1.674804687500000000e+00
1.677734375000000000e+00
1.679687500000000000e+00
1.679687500000000000e+00
1.677734375000000000e+00
1.674804687500000000e+00
1.671875000000000000e+00
1.671875000000000000e+00
1.674804687500000000e+00
1.674804687500000000e+00
1.677734375000000000e+00
1.674804687500000000e+00
1.671875000000000000e+00
1.674804687500000000e+00
1.674804687500000000e+00
1.671875000000000000e+00
1.669921875000000000e+00
1.667968750000000000e+00
1.667968750000000000e+00
1.667968750000000000e+00
1.667968750000000000e+00
1.667968750000000000e+00
1.669921875000000000e+00
1.669921875000000000e+00
1.669921875000000000e+00
1.665039062500000000e+00
1.665039062500000000e+00
1.665039062500000000e+00
1.665039062500000000e+00
1.665039062500000000e+00
1.662109375000000000e+00
1.662109375000000000e+00
1.665039062500000000e+00
1.662109375000000000e+00
1.662109375000000000e+00
1.660156250000000000e+00
1.660156250000000000e+00
1.662109375000000000e+00
1.662109375000000000e+00
1.662109375000000000e+00
1.662109375000000000e+00
1.660156250000000000e+00
1.660156250000000000e+00
1.660156250000000000e+00
1.662109375000000000e+00
1.662109375000000000e+00
1.660156250000000000e+00
1.660156250000000000e+00
1.658203125000000000e+00
1.658203125000000000e+00
1.660156250000000000e+00
1.658203125000000000e+00
1.655273437500000000e+00
1.658203125000000000e+00
1.658203125000000000e+00
1.655273437500000000e+00
1.655273437500000000e+00
1.655273437500000000e+00
1.658203125000000000e+00
1.655273437500000000e+00
1.652343750000000000e+00
1.652343750000000000e+00
1.655273437500000000e+00
1.655273437500000000e+00
1.652343750000000000e+00
1.652343750000000000e+00
1.652343750000000000e+00
1.652343750000000000e+00
1.655273437500000000e+00
1.652343750000000000e+00
1.650390625000000000e+00
1.650390625000000000e+00
1.652343750000000000e+00
1.652343750000000000e+00
1.652343750000000000e+00
1.652343750000000000e+00
1.650390625000000000e+00
1.650390625000000000e+00
1.648437500000000000e+00
1.648437500000000000e+00
1.648437500000000000e+00
1.648437500000000000e+00
1.650390625000000000e+00
1.645507812500000000e+00
1.645507812500000000e+00
1.642578125000000000e+00
1.645507812500000000e+00
1.648437500000000000e+00
1.648437500000000000e+00
1.645507812500000000e+00
1.642578125000000000e+00
1.645507812500000000e+00
1.642578125000000000e+00
1.642578125000000000e+00
1.642578125000000000e+00
1.642578125000000000e+00
1.642578125000000000e+00
1.645507812500000000e+00
1.642578125000000000e+00
1.640625000000000000e+00
1.640625000000000000e+00
1.642578125000000000e+00
1.640625000000000000e+00
1.642578125000000000e+00
1.642578125000000000e+00
1.640625000000000000e+00
1.640625000000000000e+00
1.638671875000000000e+00
1.640625000000000000e+00
1.638671875000000000e+00
1.635742187500000000e+00
1.635742187500000000e+00
1.632812500000000000e+00
1.632812500000000000e+00
1.635742187500000000e+00
1.638671875000000000e+00
1.638671875000000000e+00
1.632812500000000000e+00
1.632812500000000000e+00
1.635742187500000000e+00
1.635742187500000000e+00
1.635742187500000000e+00
1.632812500000000000e+00
1.630859375000000000e+00
1.635742187500000000e+00
1.635742187500000000e+00
1.635742187500000000e+00
1.632812500000000000e+00
1.632812500000000000e+00
1.630859375000000000e+00
1.628906250000000000e+00
1.630859375000000000e+00
1.628906250000000000e+00
1.628906250000000000e+00
1.625976562500000000e+00
1.625976562500000000e+00
1.628906250000000000e+00
1.628906250000000000e+00
1.628906250000000000e+00
1.623046875000000000e+00
1.625976562500000000e+00
1.625976562500000000e+00
1.628906250000000000e+00
1.625976562500000000e+00
1.623046875000000000e+00
1.625976562500000000e+00
1.623046875000000000e+00
1.625976562500000000e+00
1.623046875000000000e+00
1.625976562500000000e+00
1.625976562500000000e+00
1.625976562500000000e+00
1.625976562500000000e+00
1.623046875000000000e+00
1.625976562500000000e+00
1.623046875000000000e+00
1.623046875000000000e+00
1.623046875000000000e+00
1.621093750000000000e+00
1.619140625000000000e+00
1.621093750000000000e+00
1.621093750000000000e+00
1.621093750000000000e+00
1.619140625000000000e+00
1.619140625000000000e+00
1.619140625000000000e+00
1.619140625000000000e+00
1.616210937500000000e+00
1.616210937500000000e+00
1.619140625000000000e+00
1.619140625000000000e+00
1.619140625000000000e+00
1.619140625000000000e+00
1.616210937500000000e+00
1.619140625000000000e+00
1.619140625000000000e+00
1.616210937500000000e+00
1.613281250000000000e+00
1.616210937500000000e+00
1.613281250000000000e+00
1.613281250000000000e+00
1.613281250000000000e+00
1.613281250000000000e+00
1.613281250000000000e+00
1.613281250000000000e+00
1.611328125000000000e+00
1.609375000000000000e+00
1.611328125000000000e+00
1.613281250000000000e+00
1.613281250000000000e+00
1.613281250000000000e+00
1.611328125000000000e+00
1.609375000000000000e+00
1.609375000000000000e+00
1.609375000000000000e+00
1.611328125000000000e+00
1.609375000000000000e+00
1.609375000000000000e+00
1.609375000000000000e+00
1.611328125000000000e+00
1.609375000000000000e+00
1.606445312500000000e+00
1.606445312500000000e+00
1.603515625000000000e+00
1.603515625000000000e+00
1.603515625000000000e+00
1.606445312500000000e+00
1.603515625000000000e+00
1.603515625000000000e+00
1.603515625000000000e+00
1.606445312500000000e+00
1.606445312500000000e+00
1.601562500000000000e+00
1.603515625000000000e+00
1.603515625000000000e+00
1.603515625000000000e+00
1.603515625000000000e+00
1.603515625000000000e+00
1.603515625000000000e+00
1.603515625000000000e+00
1.603515625000000000e+00
1.601562500000000000e+00
1.599609375000000000e+00
1.601562500000000000e+00
1.603515625000000000e+00
1.603515625000000000e+00
1.601562500000000000e+00
1.599609375000000000e+00
1.596679687500000000e+00
1.596679687500000000e+00
1.596679687500000000e+00
1.599609375000000000e+00
1.596679687500000000e+00
1.596679687500000000e+00
1.599609375000000000e+00
1.596679687500000000e+00
1.593750000000000000e+00
1.599609375000000000e+00
1.596679687500000000e+00
1.593750000000000000e+00
1.593750000000000000e+00
1.599609375000000000e+00
1.599609375000000000e+00
1.599609375000000000e+00
1.599609375000000000e+00
1.596679687500000000e+00
1.593750000000000000e+00
1.593750000000000000e+00
1.591796875000000000e+00
1.593750000000000000e+00
1.593750000000000000e+00
1.593750000000000000e+00
1.591796875000000000e+00
1.591796875000000000e+00
1.589843750000000000e+00
1.591796875000000000e+00
1.591796875000000000e+00
1.591796875000000000e+00
1.593750000000000000e+00
1.593750000000000000e+00
1.591796875000000000e+00
1.591796875000000000e+00
1.591796875000000000e+00
1.591796875000000000e+00
1.591796875000000000e+00
1.589843750000000000e+00
1.586914062500000000e+00
1.589843750000000000e+00
1.589843750000000000e+00
1.586914062500000000e+00
1.586914062500000000e+00
1.586914062500000000e+00
1.583984375000000000e+00
1.586914062500000000e+00
1.586914062500000000e+00
1.583984375000000000e+00
1.583984375000000000e+00
1.583984375000000000e+00
1.586914062500000000e+00
1.586914062500000000e+00
1.586914062500000000e+00
1.583984375000000000e+00
1.586914062500000000e+00
1.583984375000000000e+00
1.583984375000000000e+00
1.582031250000000000e+00
1.583984375000000000e+00
1.586914062500000000e+00
1.583984375000000000e+00
1.582031250000000000e+00
1.582031250000000000e+00
1.582031250000000000e+00
1.582031250000000000e+00
1.583984375000000000e+00
1.580078125000000000e+00
1.580078125000000000e+00
1.580078125000000000e+00
1.577148437500000000e+00
1.580078125000000000e+00
1.580078125000000000e+00
1.580078125000000000e+00
1.577148437500000000e+00
1.577148437500000000e+00
1.577148437500000000e+00
1.580078125000000000e+00
1.580078125000000000e+00
1.580078125000000000e+00
1.580078125000000000e+00
1.577148437500000000e+00
1.577148437500000000e+00
1.577148437500000000e+00
1.580078125000000000e+00
1.580078125000000000e+00
1.577148437500000000e+00
1.574218750000000000e+00
1.572265625000000000e+00
1.572265625000000000e+00
1.574218750000000000e+00
1.572265625000000000e+00
1.572265625000000000e+00
1.572265625000000000e+00
1.572265625000000000e+00
1.574218750000000000e+00
1.574218750000000000e+00
1.574218750000000000e+00
1.570312500000000000e+00
1.570312500000000000e+00
1.572265625000000000e+00
1.572265625000000000e+00
1.572265625000000000e+00
1.567382812500000000e+00
1.570312500000000000e+00
1.572265625000000000e+00
1.572265625000000000e+00
1.572265625000000000e+00
1.570312500000000000e+00
1.567382812500000000e+00
1.567382812500000000e+00
1.567382812500000000e+00
1.567382812500000000e+00
1.570312500000000000e+00
1.567382812500000000e+00
1.567382812500000000e+00
1.562500000000000000e+00
1.564453125000000000e+00
1.562500000000000000e+00
1.564453125000000000e+00
1.564453125000000000e+00
1.564453125000000000e+00
1.562500000000000000e+00
1.562500000000000000e+00
1.564453125000000000e+00
1.564453125000000000e+00
1.564453125000000000e+00
1.564453125000000000e+00
1.564453125000000000e+00
1.562500000000000000e+00
1.560546875000000000e+00
1.560546875000000000e+00
1.562500000000000000e+00
1.562500000000000000e+00
1.562500000000000000e+00
1.560546875000000000e+00
1.554687500000000000e+00
1.554687500000000000e+00
1.554687500000000000e+00
1.557617187500000000e+00
1.557617187500000000e+00
1.560546875000000000e+00
1.557617187500000000e+00
1.554687500000000000e+00
1.554687500000000000e+00
1.554687500000000000e+00
1.554687500000000000e+00
1.557617187500000000e+00
1.554687500000000000e+00
1.557617187500000000e+00
1.554687500000000000e+00
1.552734375000000000e+00
1.554687500000000000e+00
1.554687500000000000e+00
1.557617187500000000e+00
1.557617187500000000e+00
1.554687500000000000e+00
1.552734375000000000e+00
1.552734375000000000e+00
1.554687500000000000e+00
1.554687500000000000e+00
1.550781250000000000e+00
1.552734375000000000e+00
1.550781250000000000e+00
1.552734375000000000e+00
1.552734375000000000e+00
1.550781250000000000e+00
1.547851562500000000e+00
1.547851562500000000e+00
1.552734375000000000e+00
1.547851562500000000e+00
1.547851562500000000e+00
1.547851562500000000e+00
1.550781250000000000e+00
1.547851562500000000e+00
1.547851562500000000e+00
1.550781250000000000e+00
1.550781250000000000e+00
1.547851562500000000e+00
1.544921875000000000e+00
1.542968750000000000e+00
1.541015625000000000e+00
1.544921875000000000e+00
1.544921875000000000e+00
1.547851562500000000e+00
1.544921875000000000e+00
1.544921875000000000e+00
1.542968750000000000e+00
1.542968750000000000e+00
1.542968750000000000e+00
1.541015625000000000e+00
1.542968750000000000e+00
1.544921875000000000e+00
1.544921875000000000e+00
1.541015625000000000e+00
1.538085937500000000e+00
1.538085937500000000e+00
1.541015625000000000e+00
1.541015625000000000e+00
1.542968750000000000e+00
1.538085937500000000e+00
1.538085937500000000e+00
1.538085937500000000e+00
1.535156250000000000e+00
1.535156250000000000e+00
1.535156250000000000e+00
1.538085937500000000e+00
1.535156250000000000e+00
1.533203125000000000e+00
1.533203125000000000e+00
1.533203125000000000e+00
1.535156250000000000e+00
1.535156250000000000e+00
1.535156250000000000e+00
1.533203125000000000e+00
1.533203125000000000e+00
1.535156250000000000e+00
1.535156250000000000e+00
1.533203125000000000e+00
1.531250000000000000e+00
1.535156250000000000e+00
1.533203125000000000e+00
1.533203125000000000e+00
1.533203125000000000e+00
1.531250000000000000e+00
1.531250000000000000e+00
1.528320312500000000e+00
1.528320312500000000e+00
1.528320312500000000e+00
1.531250000000000000e+00
1.531250000000000000e+00
1.531250000000000000e+00
1.531250000000000000e+00
1.531250000000000000e+00
1.528320312500000000e+00
1.525390625000000000e+00
1.525390625000000000e+00
1.523437500000000000e+00
1.521484375000000000e+00
1.523437500000000000e+00
1.525390625000000000e+00
1.525390625000000000e+00
1.525390625000000000e+00
1.528320312500000000e+00
1.528320312500000000e+00
1.525390625000000000e+00
1.521484375000000000e+00
1.521484375000000000e+00
1.521484375000000000e+00
1.521484375000000000e+00
1.523437500000000000e+00
1.523437500000000000e+00
1.518554687500000000e+00
1.521484375000000000e+00
1.523437500000000000e+00
1.521484375000000000e+00
1.521484375000000000e+00
1.521484375000000000e+00
1.521484375000000000e+00
1.521484375000000000e+00
1.518554687500000000e+00
1.518554687500000000e+00
1.515625000000000000e+00
1.513671875000000000e+00
1.513671875000000000e+00
1.518554687500000000e+00
1.518554687500000000e+00
1.518554687500000000e+00
1.518554687500000000e+00
1.518554687500000000e+00
1.513671875000000000e+00
1.513671875000000000e+00
1.511718750000000000e+00
1.511718750000000000e+00
1.513671875000000000e+00
1.513671875000000000e+00
1.513671875000000000e+00
1.511718750000000000e+00
1.511718750000000000e+00
1.511718750000000000e+00
1.513671875000000000e+00
1.513671875000000000e+00
1.511718750000000000e+00
1.511718750000000000e+00
1.511718750000000000e+00
1.508789062500000000e+00
1.505859375000000000e+00
1.505859375000000000e+00
1.508789062500000000e+00
1.508789062500000000e+00
1.505859375000000000e+00
1.505859375000000000e+00
1.503906250000000000e+00
1.505859375000000000e+00
1.505859375000000000e+00
1.505859375000000000e+00
1.508789062500000000e+00
1.505859375000000000e+00
1.503906250000000000e+00
1.503906250000000000e+00
1.503906250000000000e+00
1.501953125000000000e+00
1.503906250000000000e+00
1.503906250000000000e+00
1.503906250000000000e+00
1.501953125000000000e+00
1.501953125000000000e+00
1.499023437500000000e+00
1.499023437500000000e+00
1.501953125000000000e+00
1.501953125000000000e+00
1.503906250000000000e+00
1.501953125000000000e+00
1.499023437500000000e+00
1.499023437500000000e+00
1.499023437500000000e+00
1.496093750000000000e+00
1.496093750000000000e+00
1.499023437500000000e+00
1.499023437500000000e+00
1.499023437500000000e+00
1.496093750000000000e+00
1.499023437500000000e+00
1.496093750000000000e+00
1.494140625000000000e+00
1.494140625000000000e+00
1.494140625000000000e+00
1.492187500000000000e+00
1.494140625000000000e+00
1.494140625000000000e+00
1.496093750000000000e+00
1.494140625000000000e+00
1.492187500000000000e+00
1.492187500000000000e+00
1.492187500000000000e+00
1.494140625000000000e+00
1.492187500000000000e+00
1.492187500000000000e+00
1.494140625000000000e+00
1.489257812500000000e+00
1.489257812500000000e+00
1.489257812500000000e+00
1.489257812500000000e+00
1.489257812500000000e+00
1.489257812500000000e+00
1.489257812500000000e+00
1.489257812500000000e+00
1.486328125000000000e+00
1.486328125000000000e+00
1.489257812500000000e+00
1.486328125000000000e+00
1.486328125000000000e+00
1.484375000000000000e+00
1.486328125000000000e+00
1.486328125000000000e+00
1.486328125000000000e+00
1.486328125000000000e+00
1.484375000000000000e+00
1.482421875000000000e+00
1.482421875000000000e+00
1.486328125000000000e+00
1.484375000000000000e+00
1.484375000000000000e+00
1.484375000000000000e+00
1.482421875000000000e+00
1.479492187500000000e+00
1.482421875000000000e+00
1.479492187500000000e+00
1.482421875000000000e+00
1.482421875000000000e+00
1.484375000000000000e+00
1.482421875000000000e+00
1.479492187500000000e+00
1.479492187500000000e+00
1.476562500000000000e+00
1.476562500000000000e+00
1.479492187500000000e+00
1.482421875000000000e+00
1.484375000000000000e+00
1.482421875000000000e+00
1.482421875000000000e+00
1.482421875000000000e+00
1.482421875000000000e+00
1.476562500000000000e+00
1.476562500000000000e+00
1.474609375000000000e+00
1.474609375000000000e+00
1.474609375000000000e+00
1.476562500000000000e+00
1.474609375000000000e+00
1.479492187500000000e+00
1.476562500000000000e+00
1.472656250000000000e+00
1.472656250000000000e+00
1.472656250000000000e+00
1.474609375000000000e+00
1.474609375000000000e+00
1.472656250000000000e+00
1.472656250000000000e+00
1.472656250000000000e+00
1.472656250000000000e+00
1.472656250000000000e+00
1.469726562500000000e+00
1.474609375000000000e+00
1.472656250000000000e+00
1.469726562500000000e+00
1.466796875000000000e+00
1.466796875000000000e+00
1.469726562500000000e+00
1.469726562500000000e+00
1.466796875000000000e+00
1.466796875000000000e+00
1.466796875000000000e+00
1.469726562500000000e+00
1.466796875000000000e+00
1.464843750000000000e+00
1.466796875000000000e+00
1.466796875000000000e+00
1.464843750000000000e+00
1.464843750000000000e+00
1.462890625000000000e+00
1.464843750000000000e+00
1.464843750000000000e+00
1.464843750000000000e+00
1.464843750000000000e+00
1.464843750000000000e+00
1.466796875000000000e+00
1.462890625000000000e+00
1.459960937500000000e+00
1.459960937500000000e+00
1.459960937500000000e+00
1.462890625000000000e+00
1.459960937500000000e+00
1.457031250000000000e+00
1.459960937500000000e+00
1.462890625000000000e+00
1.462890625000000000e+00
1.459960937500000000e+00
1.459960937500000000e+00
1.457031250000000000e+00
1.459960937500000000e+00
1.457031250000000000e+00
1.459960937500000000e+00
1.459960937500000000e+00
1.462890625000000000e+00
1.459960937500000000e+00
1.457031250000000000e+00
1.457031250000000000e+00
1.459960937500000000e+00
1.459960937500000000e+00
1.457031250000000000e+00
1.457031250000000000e+00
1.455078125000000000e+00
1.457031250000000000e+00
1.457031250000000000e+00
1.455078125000000000e+00
1.455078125000000000e+00
1.455078125000000000e+00
1.455078125000000000e+00
1.453125000000000000e+00
1.455078125000000000e+00
1.450195312500000000e+00
1.453125000000000000e+00
1.455078125000000000e+00
1.453125000000000000e+00
1.450195312500000000e+00
1.450195312500000000e+00
1.450195312500000000e+00
1.450195312500000000e+00
1.453125000000000000e+00
1.450195312500000000e+00
1.453125000000000000e+00
1.453125000000000000e+00
1.450195312500000000e+00
1.450195312500000000e+00
1.450195312500000000e+00
1.447265625000000000e+00
1.450195312500000000e+00
1.453125000000000000e+00
1.450195312500000000e+00
1.453125000000000000e+00
1.450195312500000000e+00
1.450195312500000000e+00
1.447265625000000000e+00
1.450195312500000000e+00
1.447265625000000000e+00
1.447265625000000000e+00
1.447265625000000000e+00
1.445312500000000000e+00
1.445312500000000000e+00
1.445312500000000000e+00
1.445312500000000000e+00
1.447265625000000000e+00
1.445312500000000000e+00
1.443359375000000000e+00
1.445312500000000000e+00
1.443359375000000000e+00
1.443359375000000000e+00
1.445312500000000000e+00
1.443359375000000000e+00
1.440429687500000000e+00
1.445312500000000000e+00
1.445312500000000000e+00
1.443359375000000000e+00
1.445312500000000000e+00
1.443359375000000000e+00
1.440429687500000000e+00
1.440429687500000000e+00
1.443359375000000000e+00
1.445312500000000000e+00
1.443359375000000000e+00
1.440429687500000000e+00
1.440429687500000000e+00
1.440429687500000000e+00
1.440429687500000000e+00
1.443359375000000000e+00
1.443359375000000000e+00
1.443359375000000000e+00
1.440429687500000000e+00
1.437500000000000000e+00
1.437500000000000000e+00
1.437500000000000000e+00
1.437500000000000000e+00
1.435546875000000000e+00
1.437500000000000000e+00
1.435546875000000000e+00
1.437500000000000000e+00
1.437500000000000000e+00
1.437500000000000000e+00
1.437500000000000000e+00
1.435546875000000000e+00
1.435546875000000000e+00
1.433593750000000000e+00
1.433593750000000000e+00
1.435546875000000000e+00
1.435546875000000000e+00
1.435546875000000000e+00
1.437500000000000000e+00
1.433593750000000000e+00
1.433593750000000000e+00
1.433593750000000000e+00
1.433593750000000000e+00
1.433593750000000000e+00
1.433593750000000000e+00
1.430664062500000000e+00
1.433593750000000000e+00
1.430664062500000000e+00
1.433593750000000000e+00
1.430664062500000000e+00
1.425781250000000000e+00
1.427734375000000000e+00
1.427734375000000000e+00
1.427734375000000000e+00
1.430664062500000000e+00
1.430664062500000000e+00
1.427734375000000000e+00
1.427734375000000000e+00
1.427734375000000000e+00
1.427734375000000000e+00
1.427734375000000000e+00
1.427734375000000000e+00
1.430664062500000000e+00
1.430664062500000000e+00
1.427734375000000000e+00
1.425781250000000000e+00
1.425781250000000000e+00
1.425781250000000000e+00
1.427734375000000000e+00
1.427734375000000000e+00
1.425781250000000000e+00
1.427734375000000000e+00
1.427734375000000000e+00
1.425781250000000000e+00
1.423828125000000000e+00
1.425781250000000000e+00
1.425781250000000000e+00
1.425781250000000000e+00
1.425781250000000000e+00
1.423828125000000000e+00
1.423828125000000000e+00
1.423828125000000000e+00
1.423828125000000000e+00
1.423828125000000000e+00
1.423828125000000000e+00
1.427734375000000000e+00
1.423828125000000000e+00
1.417968750000000000e+00
1.417968750000000000e+00
1.417968750000000000e+00
1.420898437500000000e+00
1.420898437500000000e+00
1.420898437500000000e+00
1.417968750000000000e+00
1.416015625000000000e+00
1.416015625000000000e+00
1.416015625000000000e+00
1.420898437500000000e+00
1.417968750000000000e+00
1.417968750000000000e+00
1.416015625000000000e+00
1.417968750000000000e+00
1.417968750000000000e+00
1.416015625000000000e+00
1.417968750000000000e+00
1.417968750000000000e+00
1.420898437500000000e+00
1.417968750000000000e+00
1.416015625000000000e+00
1.416015625000000000e+00
1.414062500000000000e+00
1.416015625000000000e+00
1.417968750000000000e+00
1.416015625000000000e+00
1.416015625000000000e+00
1.414062500000000000e+00
1.414062500000000000e+00
1.416015625000000000e+00
1.416015625000000000e+00
1.416015625000000000e+00
1.416015625000000000e+00
1.414062500000000000e+00
1.414062500000000000e+00
1.411132812500000000e+00
1.408203125000000000e+00
1.411132812500000000e+00
1.411132812500000000e+00
1.408203125000000000e+00
1.408203125000000000e+00
1.408203125000000000e+00
1.411132812500000000e+00
1.408203125000000000e+00
1.408203125000000000e+00
1.408203125000000000e+00
1.408203125000000000e+00
1.408203125000000000e+00
1.408203125000000000e+00
1.408203125000000000e+00
1.408203125000000000e+00
1.408203125000000000e+00
1.406250000000000000e+00
1.406250000000000000e+00
1.408203125000000000e+00
1.408203125000000000e+00
1.406250000000000000e+00
1.406250000000000000e+00
1.408203125000000000e+00
1.406250000000000000e+00
1.408203125000000000e+00
1.408203125000000000e+00
1.408203125000000000e+00
1.408203125000000000e+00
1.406250000000000000e+00
1.404296875000000000e+00
1.401367187500000000e+00
1.404296875000000000e+00
1.406250000000000000e+00
1.406250000000000000e+00
1.408203125000000000e+00
1.404296875000000000e+00
1.401367187500000000e+00
1.398437500000000000e+00
1.401367187500000000e+00
1.401367187500000000e+00
1.404296875000000000e+00
1.401367187500000000e+00
1.401367187500000000e+00
1.398437500000000000e+00
1.398437500000000000e+00
1.401367187500000000e+00
1.401367187500000000e+00
1.401367187500000000e+00
1.398437500000000000e+00
1.398437500000000000e+00
1.398437500000000000e+00
1.398437500000000000e+00
1.401367187500000000e+00
1.398437500000000000e+00
1.398437500000000000e+00
1.398437500000000000e+00
1.396484375000000000e+00
1.394531250000000000e+00
1.394531250000000000e+00
1.396484375000000000e+00
1.398437500000000000e+00
1.398437500000000000e+00
1.396484375000000000e+00
1.394531250000000000e+00
1.398437500000000000e+00
1.396484375000000000e+00
1.391601562500000000e+00
1.391601562500000000e+00
1.394531250000000000e+00
1.396484375000000000e+00
1.394531250000000000e+00
1.391601562500000000e+00
1.391601562500000000e+00
1.394531250000000000e+00
1.394531250000000000e+00
1.391601562500000000e+00
1.391601562500000000e+00
1.391601562500000000e+00
1.388671875000000000e+00
1.388671875000000000e+00
1.388671875000000000e+00
1.391601562500000000e+00
1.391601562500000000e+00
1.391601562500000000e+00
1.388671875000000000e+00
1.386718750000000000e+00
1.388671875000000000e+00
1.386718750000000000e+00
1.386718750000000000e+00
1.388671875000000000e+00
1.388671875000000000e+00
1.391601562500000000e+00
1.391601562500000000e+00
1.388671875000000000e+00
1.388671875000000000e+00
1.386718750000000000e+00
1.386718750000000000e+00
1.386718750000000000e+00
1.384765625000000000e+00
1.384765625000000000e+00
1.384765625000000000e+00
1.384765625000000000e+00
1.384765625000000000e+00
1.384765625000000000e+00
1.384765625000000000e+00
1.384765625000000000e+00
1.381835937500000000e+00
1.381835937500000000e+00
1.384765625000000000e+00
1.384765625000000000e+00
1.381835937500000000e+00
1.381835937500000000e+00
1.381835937500000000e+00
1.384765625000000000e+00
1.384765625000000000e+00
1.381835937500000000e+00
1.381835937500000000e+00
1.381835937500000000e+00
1.381835937500000000e+00
1.384765625000000000e+00
1.384765625000000000e+00
1.384765625000000000e+00
1.378906250000000000e+00
1.378906250000000000e+00
1.376953125000000000e+00
1.375000000000000000e+00
1.376953125000000000e+00
1.378906250000000000e+00
1.376953125000000000e+00
1.376953125000000000e+00
1.375000000000000000e+00
1.375000000000000000e+00
1.376953125000000000e+00
1.376953125000000000e+00
1.376953125000000000e+00
1.376953125000000000e+00
1.375000000000000000e+00
1.375000000000000000e+00
1.375000000000000000e+00
1.376953125000000000e+00
1.375000000000000000e+00
1.372070312500000000e+00
1.375000000000000000e+00
1.375000000000000000e+00
1.372070312500000000e+00
1.369140625000000000e+00
1.372070312500000000e+00
1.375000000000000000e+00
1.375000000000000000e+00
1.372070312500000000e+00
1.367187500000000000e+00
1.367187500000000000e+00
1.367187500000000000e+00
1.367187500000000000e+00
1.367187500000000000e+00
1.369140625000000000e+00
1.367187500000000000e+00
1.367187500000000000e+00
1.367187500000000000e+00
1.365234375000000000e+00
1.367187500000000000e+00
1.367187500000000000e+00
1.369140625000000000e+00
1.369140625000000000e+00
1.369140625000000000e+00
1.367187500000000000e+00
1.365234375000000000e+00
1.365234375000000000e+00
1.365234375000000000e+00
1.362304687500000000e+00
1.362304687500000000e+00
1.362304687500000000e+00
1.365234375000000000e+00
1.365234375000000000e+00
1.362304687500000000e+00
1.365234375000000000e+00
1.365234375000000000e+00
1.362304687500000000e+00
1.359375000000000000e+00
1.359375000000000000e+00
1.359375000000000000e+00
1.362304687500000000e+00
1.359375000000000000e+00
1.359375000000000000e+00
1.362304687500000000e+00
1.365234375000000000e+00
1.362304687500000000e+00
1.362304687500000000e+00
1.359375000000000000e+00
1.357421875000000000e+00
1.355468750000000000e+00
1.359375000000000000e+00
1.359375000000000000e+00
1.359375000000000000e+00
1.357421875000000000e+00
1.357421875000000000e+00
1.357421875000000000e+00
1.357421875000000000e+00
1.359375000000000000e+00
1.359375000000000000e+00
1.357421875000000000e+00
1.357421875000000000e+00
1.355468750000000000e+00
1.352539062500000000e+00
1.355468750000000000e+00
1.355468750000000000e+00
1.355468750000000000e+00
1.357421875000000000e+00
1.352539062500000000e+00
1.352539062500000000e+00
1.349609375000000000e+00
1.352539062500000000e+00
1.349609375000000000e+00
1.352539062500000000e+00
1.349609375000000000e+00
1.352539062500000000e+00
1.352539062500000000e+00
1.349609375000000000e+00
1.349609375000000000e+00
1.352539062500000000e+00
1.355468750000000000e+00
1.352539062500000000e+00
1.349609375000000000e+00
1.349609375000000000e+00
1.352539062500000000e+00
1.349609375000000000e+00
1.349609375000000000e+00
1.352539062500000000e+00
1.352539062500000000e+00
1.349609375000000000e+00
1.347656250000000000e+00
1.345703125000000000e+00
1.347656250000000000e+00
1.347656250000000000e+00
1.345703125000000000e+00
1.345703125000000000e+00
1.342773437500000000e+00
1.342773437500000000e+00
1.345703125000000000e+00
1.345703125000000000e+00
1.347656250000000000e+00
1.347656250000000000e+00
1.345703125000000000e+00
1.342773437500000000e+00
1.347656250000000000e+00
1.345703125000000000e+00
1.342773437500000000e+00
1.342773437500000000e+00
1.342773437500000000e+00
1.345703125000000000e+00
1.342773437500000000e+00
1.345703125000000000e+00
1.342773437500000000e+00
1.339843750000000000e+00
1.342773437500000000e+00
1.342773437500000000e+00
1.342773437500000000e+00
1.337890625000000000e+00
1.337890625000000000e+00
1.337890625000000000e+00
1.335937500000000000e+00
1.337890625000000000e+00
1.337890625000000000e+00
1.339843750000000000e+00
1.339843750000000000e+00
1.337890625000000000e+00
1.335937500000000000e+00
1.335937500000000000e+00
1.337890625000000000e+00
1.337890625000000000e+00
1.337890625000000000e+00
1.337890625000000000e+00
1.333007812500000000e+00
1.335937500000000000e+00
1.335937500000000000e+00
1.335937500000000000e+00
1.335937500000000000e+00
1.335937500000000000e+00
1.335937500000000000e+00
1.333007812500000000e+00
1.333007812500000000e+00
1.333007812500000000e+00
1.330078125000000000e+00
1.333007812500000000e+00
1.333007812500000000e+00
1.330078125000000000e+00
1.328125000000000000e+00
1.330078125000000000e+00
1.333007812500000000e+00
1.333007812500000000e+00
1.330078125000000000e+00
1.328125000000000000e+00
1.328125000000000000e+00
1.328125000000000000e+00
1.328125000000000000e+00
1.330078125000000000e+00
1.330078125000000000e+00
1.333007812500000000e+00
1.333007812500000000e+00
1.330078125000000000e+00
1.328125000000000000e+00
1.328125000000000000e+00
1.328125000000000000e+00
1.328125000000000000e+00
1.328125000000000000e+00
1.326171875000000000e+00
1.326171875000000000e+00
1.326171875000000000e+00
1.330078125000000000e+00
1.328125000000000000e+00
1.328125000000000000e+00
1.326171875000000000e+00
1.328125000000000000e+00
1.326171875000000000e+00
1.323242187500000000e+00
1.323242187500000000e+00
1.323242187500000000e+00
1.326171875000000000e+00
1.323242187500000000e+00
1.320312500000000000e+00
1.323242187500000000e+00
1.320312500000000000e+00
1.320312500000000000e+00
1.320312500000000000e+00
1.323242187500000000e+00
1.320312500000000000e+00
1.318359375000000000e+00
1.318359375000000000e+00
1.320312500000000000e+00
1.320312500000000000e+00
1.320312500000000000e+00
1.320312500000000000e+00
1.320312500000000000e+00
1.323242187500000000e+00
1.320312500000000000e+00
1.320312500000000000e+00
1.318359375000000000e+00
1.320312500000000000e+00
1.320312500000000000e+00
1.318359375000000000e+00
1.318359375000000000e+00
1.318359375000000000e+00
1.320312500000000000e+00
1.320312500000000000e+00
1.318359375000000000e+00
1.318359375000000000e+00
1.316406250000000000e+00
1.316406250000000000e+00
1.316406250000000000e+00
1.318359375000000000e+00
1.313476562500000000e+00
1.313476562500000000e+00
1.316406250000000000e+00
1.316406250000000000e+00
1.316406250000000000e+00
1.313476562500000000e+00
1.310546875000000000e+00
1.310546875000000000e+00
1.310546875000000000e+00
1.310546875000000000e+00
1.316406250000000000e+00
1.313476562500000000e+00
1.316406250000000000e+00
1.313476562500000000e+00
1.313476562500000000e+00
1.313476562500000000e+00
1.316406250000000000e+00
1.310546875000000000e+00
1.310546875000000000e+00
1.310546875000000000e+00
1.310546875000000000e+00
1.313476562500000000e+00
1.310546875000000000e+00
1.310546875000000000e+00
1.308593750000000000e+00
1.310546875000000000e+00
1.310546875000000000e+00
1.310546875000000000e+00
1.310546875000000000e+00
1.308593750000000000e+00
1.308593750000000000e+00
1.308593750000000000e+00
1.308593750000000000e+00
1.310546875000000000e+00
1.310546875000000000e+00
1.313476562500000000e+00
1.308593750000000000e+00
1.306640625000000000e+00
1.308593750000000000e+00
1.306640625000000000e+00
1.306640625000000000e+00
1.303710937500000000e+00
1.306640625000000000e+00
1.306640625000000000e+00
1.303710937500000000e+00
1.303710937500000000e+00
1.303710937500000000e+00
1.306640625000000000e+00
1.306640625000000000e+00
1.306640625000000000e+00
1.303710937500000000e+00
1.303710937500000000e+00
1.300781250000000000e+00
1.303710937500000000e+00
1.300781250000000000e+00
1.303710937500000000e+00
1.303710937500000000e+00
1.303710937500000000e+00
1.306640625000000000e+00
1.303710937500000000e+00
1.303710937500000000e+00
1.300781250000000000e+00
1.303710937500000000e+00
1.300781250000000000e+00
1.298828125000000000e+00
1.298828125000000000e+00
1.300781250000000000e+00
1.300781250000000000e+00
1.300781250000000000e+00
1.300781250000000000e+00
1.298828125000000000e+00
1.298828125000000000e+00
1.296875000000000000e+00
1.298828125000000000e+00
1.296875000000000000e+00
1.296875000000000000e+00
1.296875000000000000e+00
1.298828125000000000e+00
1.300781250000000000e+00
1.296875000000000000e+00
1.298828125000000000e+00
1.298828125000000000e+00
1.296875000000000000e+00
1.293945312500000000e+00
1.293945312500000000e+00
1.293945312500000000e+00
1.296875000000000000e+00
1.293945312500000000e+00
1.296875000000000000e+00
1.293945312500000000e+00
1.296875000000000000e+00
1.293945312500000000e+00
1.291015625000000000e+00
1.291015625000000000e+00
1.291015625000000000e+00
1.291015625000000000e+00
1.293945312500000000e+00
1.293945312500000000e+00
1.291015625000000000e+00
1.289062500000000000e+00
1.291015625000000000e+00
1.293945312500000000e+00
1.291015625000000000e+00
1.291015625000000000e+00
1.291015625000000000e+00
1.289062500000000000e+00
1.289062500000000000e+00
1.287109375000000000e+00
1.291015625000000000e+00
1.291015625000000000e+00
1.291015625000000000e+00
1.291015625000000000e+00
1.289062500000000000e+00
1.289062500000000000e+00
1.287109375000000000e+00
1.289062500000000000e+00
1.289062500000000000e+00
1.287109375000000000e+00
1.287109375000000000e+00
1.287109375000000000e+00
1.287109375000000000e+00
1.287109375000000000e+00
1.289062500000000000e+00
1.289062500000000000e+00
1.287109375000000000e+00
1.287109375000000000e+00
1.284179687500000000e+00
1.284179687500000000e+00
1.287109375000000000e+00
1.287109375000000000e+00
1.287109375000000000e+00
1.284179687500000000e+00
1.281250000000000000e+00
1.281250000000000000e+00
1.281250000000000000e+00
1.281250000000000000e+00
1.281250000000000000e+00
1.279296875000000000e+00
1.281250000000000000e+00
1.281250000000000000e+00
1.279296875000000000e+00
1.279296875000000000e+00
1.279296875000000000e+00
1.279296875000000000e+00
1.279296875000000000e+00
1.279296875000000000e+00
1.279296875000000000e+00
1.281250000000000000e+00
1.281250000000000000e+00
1.277343750000000000e+00
1.277343750000000000e+00
1.277343750000000000e+00
1.279296875000000000e+00
1.279296875000000000e+00
1.279296875000000000e+00
1.277343750000000000e+00
1.277343750000000000e+00
1.274414062500000000e+00
1.277343750000000000e+00
1.279296875000000000e+00
1.277343750000000000e+00
1.277343750000000000e+00
1.277343750000000000e+00
1.277343750000000000e+00
1.274414062500000000e+00
1.274414062500000000e+00
1.271484375000000000e+00
1.271484375000000000e+00
1.271484375000000000e+00
1.271484375000000000e+00
1.274414062500000000e+00
1.274414062500000000e+00
1.277343750000000000e+00
1.274414062500000000e+00
1.271484375000000000e+00
1.269531250000000000e+00
1.267578125000000000e+00
1.269531250000000000e+00
1.269531250000000000e+00
1.271484375000000000e+00
1.271484375000000000e+00
1.271484375000000000e+00
1.271484375000000000e+00
1.269531250000000000e+00
1.267578125000000000e+00
1.267578125000000000e+00
1.267578125000000000e+00
1.269531250000000000e+00
1.269531250000000000e+00
1.269531250000000000e+00
1.271484375000000000e+00
1.271484375000000000e+00
1.267578125000000000e+00
1.267578125000000000e+00
1.264648437500000000e+00
1.261718750000000000e+00
1.264648437500000000e+00
1.264648437500000000e+00
1.264648437500000000e+00
1.264648437500000000e+00
1.261718750000000000e+00
1.261718750000000000e+00
1.264648437500000000e+00
1.264648437500000000e+00
1.261718750000000000e+00
1.261718750000000000e+00
1.261718750000000000e+00
1.261718750000000000e+00
1.264648437500000000e+00
1.261718750000000000e+00
1.259765625000000000e+00
1.259765625000000000e+00
1.261718750000000000e+00
1.264648437500000000e+00
1.261718750000000000e+00
1.264648437500000000e+00
1.261718750000000000e+00
1.259765625000000000e+00
1.259765625000000000e+00
1.259765625000000000e+00
1.259765625000000000e+00
1.259765625000000000e+00
1.259765625000000000e+00
1.259765625000000000e+00
1.259765625000000000e+00
1.257812500000000000e+00
1.254882812500000000e+00
1.254882812500000000e+00
1.257812500000000000e+00
1.257812500000000000e+00
1.254882812500000000e+00
1.251953125000000000e+00
1.254882812500000000e+00
1.254882812500000000e+00
1.254882812500000000e+00
1.257812500000000000e+00
1.257812500000000000e+00
1.254882812500000000e+00
1.251953125000000000e+00
1.254882812500000000e+00
1.254882812500000000e+00
1.254882812500000000e+00
1.254882812500000000e+00
1.251953125000000000e+00
1.250000000000000000e+00
1.250000000000000000e+00
1.251953125000000000e+00
1.251953125000000000e+00
1.250000000000000000e+00
1.251953125000000000e+00
1.251953125000000000e+00
1.251953125000000000e+00
1.250000000000000000e+00
1.251953125000000000e+00
1.250000000000000000e+00
1.250000000000000000e+00
1.248046875000000000e+00
1.248046875000000000e+00
1.250000000000000000e+00
1.251953125000000000e+00
1.254882812500000000e+00
1.251953125000000000e+00
1.250000000000000000e+00
1.248046875000000000e+00
1.248046875000000000e+00
1.248046875000000000e+00
1.245117187500000000e+00
1.245117187500000000e+00
1.245117187500000000e+00
1.248046875000000000e+00
1.245117187500000000e+00
1.248046875000000000e+00
1.248046875000000000e+00
1.245117187500000000e+00
1.248046875000000000e+00
1.248046875000000000e+00
1.248046875000000000e+00
1.248046875000000000e+00
1.245117187500000000e+00
1.248046875000000000e+00
1.248046875000000000e+00
1.250000000000000000e+00
1.248046875000000000e+00
1.245117187500000000e+00
1.242187500000000000e+00
1.242187500000000000e+00
1.242187500000000000e+00
1.240234375000000000e+00
1.245117187500000000e+00
1.245117187500000000e+00
1.245117187500000000e+00
1.245117187500000000e+00
1.242187500000000000e+00
1.242187500000000000e+00
1.242187500000000000e+00
1.242187500000000000e+00
1.242187500000000000e+00
1.240234375000000000e+00
1.238281250000000000e+00
1.240234375000000000e+00
1.240234375000000000e+00
1.240234375000000000e+00
1.240234375000000000e+00
1.238281250000000000e+00
1.240234375000000000e+00
1.240234375000000000e+00
1.240234375000000000e+00
1.240234375000000000e+00
1.238281250000000000e+00
1.235351562500000000e+00
1.235351562500000000e+00
1.238281250000000000e+00
1.240234375000000000e+00
1.240234375000000000e+00
1.238281250000000000e+00
1.235351562500000000e+00
1.235351562500000000e+00
1.235351562500000000e+00
1.238281250000000000e+00
1.240234375000000000e+00
1.238281250000000000e+00
1.235351562500000000e+00
1.235351562500000000e+00
1.232421875000000000e+00
1.235351562500000000e+00
1.238281250000000000e+00
1.238281250000000000e+00
1.235351562500000000e+00
1.235351562500000000e+00
1.232421875000000000e+00
1.232421875000000000e+00
1.232421875000000000e+00
1.230468750000000000e+00
1.228515625000000000e+00
1.228515625000000000e+00
1.230468750000000000e+00
1.230468750000000000e+00
1.230468750000000000e+00
1.230468750000000000e+00
1.228515625000000000e+00
1.228515625000000000e+00
1.230468750000000000e+00
1.230468750000000000e+00
1.230468750000000000e+00
1.228515625000000000e+00
1.228515625000000000e+00
1.228515625000000000e+00
1.225585937500000000e+00
1.228515625000000000e+00
1.228515625000000000e+00
1.230468750000000000e+00
1.228515625000000000e+00
1.228515625000000000e+00
1.225585937500000000e+00
1.225585937500000000e+00
1.225585937500000000e+00
1.222656250000000000e+00
1.225585937500000000e+00
1.225585937500000000e+00
1.228515625000000000e+00
1.228515625000000000e+00
1.225585937500000000e+00
1.222656250000000000e+00
1.222656250000000000e+00
1.225585937500000000e+00
1.222656250000000000e+00
1.222656250000000000e+00
1.220703125000000000e+00
1.222656250000000000e+00
1.225585937500000000e+00
1.225585937500000000e+00
1.225585937500000000e+00
1.222656250000000000e+00
1.220703125000000000e+00
1.218750000000000000e+00
1.218750000000000000e+00
1.218750000000000000e+00
1.218750000000000000e+00
1.220703125000000000e+00
1.220703125000000000e+00
1.220703125000000000e+00
1.220703125000000000e+00
1.220703125000000000e+00
1.220703125000000000e+00
1.215820312500000000e+00
1.220703125000000000e+00
1.220703125000000000e+00
1.218750000000000000e+00
1.215820312500000000e+00
1.212890625000000000e+00
1.218750000000000000e+00
1.215820312500000000e+00
1.218750000000000000e+00
1.218750000000000000e+00
1.215820312500000000e+00
1.212890625000000000e+00
1.212890625000000000e+00
1.212890625000000000e+00
1.212890625000000000e+00
1.215820312500000000e+00
1.218750000000000000e+00
1.212890625000000000e+00
1.212890625000000000e+00
1.212890625000000000e+00
1.215820312500000000e+00
1.212890625000000000e+00
1.212890625000000000e+00
1.212890625000000000e+00
1.212890625000000000e+00
1.210937500000000000e+00
1.208984375000000000e+00
1.210937500000000000e+00
1.212890625000000000e+00
1.210937500000000000e+00
1.208984375000000000e+00
1.208984375000000000e+00
1.210937500000000000e+00
1.210937500000000000e+00
1.210937500000000000e+00
1.208984375000000000e+00
1.208984375000000000e+00
1.206054687500000000e+00
1.203125000000000000e+00
1.208984375000000000e+00
1.208984375000000000e+00
1.208984375000000000e+00
1.208984375000000000e+00
1.206054687500000000e+00
1.206054687500000000e+00
1.206054687500000000e+00
1.206054687500000000e+00
1.206054687500000000e+00
1.206054687500000000e+00
1.206054687500000000e+00
1.203125000000000000e+00
1.206054687500000000e+00
1.208984375000000000e+00
1.208984375000000000e+00
1.208984375000000000e+00
1.208984375000000000e+00
1.206054687500000000e+00
1.206054687500000000e+00
1.203125000000000000e+00
1.203125000000000000e+00
1.201171875000000000e+00
1.203125000000000000e+00
1.203125000000000000e+00
1.203125000000000000e+00
1.203125000000000000e+00
1.203125000000000000e+00
1.203125000000000000e+00
1.201171875000000000e+00
1.199218750000000000e+00
1.199218750000000000e+00
1.201171875000000000e+00
1.203125000000000000e+00
1.201171875000000000e+00
1.203125000000000000e+00
1.201171875000000000e+00
1.201171875000000000e+00
1.201171875000000000e+00
1.203125000000000000e+00
1.201171875000000000e+00
1.196289062500000000e+00
1.199218750000000000e+00
1.199218750000000000e+00
1.196289062500000000e+00
1.199218750000000000e+00
1.199218750000000000e+00
1.196289062500000000e+00
1.199218750000000000e+00
1.199218750000000000e+00
1.201171875000000000e+00
1.199218750000000000e+00
1.196289062500000000e+00
1.199218750000000000e+00
1.199218750000000000e+00
1.196289062500000000e+00
1.193359375000000000e+00
1.196289062500000000e+00
1.196289062500000000e+00
1.196289062500000000e+00
1.193359375000000000e+00
1.193359375000000000e+00
1.196289062500000000e+00
1.193359375000000000e+00
1.191406250000000000e+00
1.191406250000000000e+00
1.191406250000000000e+00
1.193359375000000000e+00
1.191406250000000000e+00
1.191406250000000000e+00
1.191406250000000000e+00
1.191406250000000000e+00
1.189453125000000000e+00
1.191406250000000000e+00
1.193359375000000000e+00
1.191406250000000000e+00
1.191406250000000000e+00
1.193359375000000000e+00
1.191406250000000000e+00
1.189453125000000000e+00
1.189453125000000000e+00
1.189453125000000000e+00
1.191406250000000000e+00
1.191406250000000000e+00
1.191406250000000000e+00
1.191406250000000000e+00
1.189453125000000000e+00
1.191406250000000000e+00
1.186523437500000000e+00
1.183593750000000000e+00
1.183593750000000000e+00
1.186523437500000000e+00
1.189453125000000000e+00
1.186523437500000000e+00
1.186523437500000000e+00
1.183593750000000000e+00
1.186523437500000000e+00
1.186523437500000000e+00
1.186523437500000000e+00
1.183593750000000000e+00
1.183593750000000000e+00
1.189453125000000000e+00
1.186523437500000000e+00
1.186523437500000000e+00
1.183593750000000000e+00
1.183593750000000000e+00
1.186523437500000000e+00
1.186523437500000000e+00
1.183593750000000000e+00
1.181640625000000000e+00
1.181640625000000000e+00
1.181640625000000000e+00
1.181640625000000000e+00
1.181640625000000000e+00
1.186523437500000000e+00
1.183593750000000000e+00
1.183593750000000000e+00
1.183593750000000000e+00
1.181640625000000000e+00
1.181640625000000000e+00
1.179687500000000000e+00
1.179687500000000000e+00
1.181640625000000000e+00
1.183593750000000000e+00
1.183593750000000000e+00
1.181640625000000000e+00
1.179687500000000000e+00
1.179687500000000000e+00
1.181640625000000000e+00
1.181640625000000000e+00
1.181640625000000000e+00
1.179687500000000000e+00
1.173828125000000000e+00
1.173828125000000000e+00
1.173828125000000000e+00
1.173828125000000000e+00
1.176757812500000000e+00
1.176757812500000000e+00
1.171875000000000000e+00
1.171875000000000000e+00
1.169921875000000000e+00
1.171875000000000000e+00
1.171875000000000000e+00
1.173828125000000000e+00
1.173828125000000000e+00
1.176757812500000000e+00
1.173828125000000000e+00
1.171875000000000000e+00
1.169921875000000000e+00
1.171875000000000000e+00
1.171875000000000000e+00
1.173828125000000000e+00
1.173828125000000000e+00
1.171875000000000000e+00
1.169921875000000000e+00
1.166992187500000000e+00
1.166992187500000000e+00
1.166992187500000000e+00
1.166992187500000000e+00
1.169921875000000000e+00
1.169921875000000000e+00
1.169921875000000000e+00
1.166992187500000000e+00
1.166992187500000000e+00
1.164062500000000000e+00
1.169921875000000000e+00
1.169921875000000000e+00
1.169921875000000000e+00
1.166992187500000000e+00
1.164062500000000000e+00
1.166992187500000000e+00
1.166992187500000000e+00
1.166992187500000000e+00
1.166992187500000000e+00
1.169921875000000000e+00
1.166992187500000000e+00
1.164062500000000000e+00
1.162109375000000000e+00
1.164062500000000000e+00
1.164062500000000000e+00
1.164062500000000000e+00
1.164062500000000000e+00
1.164062500000000000e+00
1.162109375000000000e+00
1.162109375000000000e+00
1.162109375000000000e+00
1.164062500000000000e+00
1.164062500000000000e+00
1.164062500000000000e+00
1.162109375000000000e+00
1.164062500000000000e+00
1.164062500000000000e+00
1.164062500000000000e+00
1.162109375000000000e+00
1.162109375000000000e+00
1.164062500000000000e+00
1.164062500000000000e+00
1.162109375000000000e+00
1.162109375000000000e+00
1.162109375000000000e+00
1.160156250000000000e+00
1.160156250000000000e+00
1.162109375000000000e+00
1.162109375000000000e+00
1.162109375000000000e+00
1.157226562500000000e+00
1.154296875000000000e+00
1.157226562500000000e+00
1.160156250000000000e+00
1.157226562500000000e+00
1.154296875000000000e+00
1.154296875000000000e+00
1.154296875000000000e+00
1.157226562500000000e+00
1.157226562500000000e+00
1.160156250000000000e+00
1.157226562500000000e+00
1.157226562500000000e+00
1.160156250000000000e+00
1.157226562500000000e+00
1.157226562500000000e+00
1.154296875000000000e+00
1.154296875000000000e+00
1.154296875000000000e+00
1.154296875000000000e+00
1.154296875000000000e+00
1.152343750000000000e+00
1.152343750000000000e+00
1.152343750000000000e+00
1.152343750000000000e+00
1.152343750000000000e+00
1.154296875000000000e+00
1.154296875000000000e+00
1.154296875000000000e+00
1.154296875000000000e+00
1.150390625000000000e+00
1.150390625000000000e+00
1.150390625000000000e+00
1.152343750000000000e+00
1.150390625000000000e+00
1.150390625000000000e+00
1.150390625000000000e+00
1.152343750000000000e+00
1.150390625000000000e+00
1.147460937500000000e+00
1.144531250000000000e+00
1.144531250000000000e+00
1.144531250000000000e+00
1.144531250000000000e+00
1.147460937500000000e+00
1.150390625000000000e+00
1.147460937500000000e+00
1.147460937500000000e+00
1.147460937500000000e+00
1.144531250000000000e+00
1.144531250000000000e+00
1.144531250000000000e+00
1.147460937500000000e+00
1.147460937500000000e+00
1.144531250000000000e+00
1.142578125000000000e+00
1.142578125000000000e+00
1.144531250000000000e+00
1.144531250000000000e+00
1.142578125000000000e+00
1.142578125000000000e+00
1.140625000000000000e+00
1.140625000000000000e+00
1.142578125000000000e+00
1.140625000000000000e+00
1.142578125000000000e+00
1.142578125000000000e+00
1.142578125000000000e+00
1.140625000000000000e+00
1.140625000000000000e+00
1.140625000000000000e+00
1.142578125000000000e+00
1.142578125000000000e+00
1.142578125000000000e+00
1.137695312500000000e+00
1.140625000000000000e+00
1.140625000000000000e+00
1.137695312500000000e+00
1.137695312500000000e+00
1.137695312500000000e+00
1.137695312500000000e+00
1.140625000000000000e+00
1.137695312500000000e+00
1.137695312500000000e+00
1.134765625000000000e+00
1.134765625000000000e+00
1.132812500000000000e+00
1.132812500000000000e+00
1.132812500000000000e+00
1.134765625000000000e+00
1.134765625000000000e+00
1.134765625000000000e+00
1.132812500000000000e+00
1.132812500000000000e+00
1.132812500000000000e+00
1.132812500000000000e+00
1.132812500000000000e+00
1.132812500000000000e+00
1.132812500000000000e+00
1.132812500000000000e+00
1.132812500000000000e+00
1.132812500000000000e+00
1.132812500000000000e+00
1.134765625000000000e+00
1.132812500000000000e+00
1.132812500000000000e+00
1.132812500000000000e+00
1.130859375000000000e+00
1.130859375000000000e+00
1.130859375000000000e+00
1.130859375000000000e+00
1.130859375000000000e+00
1.132812500000000000e+00
1.130859375000000000e+00
1.130859375000000000e+00
1.130859375000000000e+00
1.130859375000000000e+00
1.127929687500000000e+00
1.127929687500000000e+00
1.130859375000000000e+00
1.125000000000000000e+00
1.125000000000000000e+00
1.125000000000000000e+00
1.125000000000000000e+00
1.127929687500000000e+00
1.127929687500000000e+00
1.127929687500000000e+00
1.125000000000000000e+00
1.125000000000000000e+00
1.123046875000000000e+00
1.127929687500000000e+00
1.125000000000000000e+00
1.125000000000000000e+00
1.123046875000000000e+00
1.123046875000000000e+00
1.121093750000000000e+00
1.123046875000000000e+00
1.125000000000000000e+00
1.127929687500000000e+00
1.123046875000000000e+00
1.123046875000000000e+00
1.123046875000000000e+00
1.121093750000000000e+00
1.121093750000000000e+00
1.121093750000000000e+00
1.123046875000000000e+00
1.123046875000000000e+00
1.123046875000000000e+00
1.118164062500000000e+00
1.121093750000000000e+00
1.118164062500000000e+00
1.118164062500000000e+00
1.118164062500000000e+00
1.121093750000000000e+00
1.118164062500000000e+00
1.118164062500000000e+00
1.115234375000000000e+00
1.115234375000000000e+00
1.115234375000000000e+00
1.118164062500000000e+00
1.115234375000000000e+00
1.115234375000000000e+00
1.115234375000000000e+00
1.118164062500000000e+00
1.115234375000000000e+00
1.113281250000000000e+00
1.115234375000000000e+00
1.115234375000000000e+00
1.118164062500000000e+00
1.115234375000000000e+00
1.118164062500000000e+00
1.115234375000000000e+00
1.113281250000000000e+00
1.111328125000000000e+00
1.113281250000000000e+00
1.115234375000000000e+00
1.113281250000000000e+00
1.113281250000000000e+00
1.111328125000000000e+00
1.111328125000000000e+00
1.111328125000000000e+00
1.111328125000000000e+00
1.113281250000000000e+00
1.113281250000000000e+00
1.113281250000000000e+00
1.113281250000000000e+00
1.111328125000000000e+00
1.108398437500000000e+00
1.111328125000000000e+00
1.113281250000000000e+00
1.113281250000000000e+00
1.113281250000000000e+00
1.111328125000000000e+00
1.111328125000000000e+00
1.108398437500000000e+00
1.111328125000000000e+00
1.111328125000000000e+00
1.108398437500000000e+00
1.111328125000000000e+00
1.111328125000000000e+00
1.108398437500000000e+00
1.108398437500000000e+00
1.111328125000000000e+00
1.113281250000000000e+00
1.111328125000000000e+00
1.108398437500000000e+00
1.105468750000000000e+00
1.105468750000000000e+00
1.105468750000000000e+00
1.105468750000000000e+00
1.105468750000000000e+00
1.105468750000000000e+00
1.105468750000000000e+00
1.103515625000000000e+00
1.108398437500000000e+00
1.108398437500000000e+00
1.108398437500000000e+00
1.108398437500000000e+00
1.103515625000000000e+00
1.103515625000000000e+00
1.101562500000000000e+00
1.103515625000000000e+00
1.103515625000000000e+00
1.103515625000000000e+00
1.103515625000000000e+00
1.098632812500000000e+00
1.101562500000000000e+00
1.098632812500000000e+00
1.101562500000000000e+00
1.101562500000000000e+00
1.101562500000000000e+00
1.103515625000000000e+00
1.103515625000000000e+00
1.103515625000000000e+00
1.101562500000000000e+00
1.101562500000000000e+00
1.101562500000000000e+00
1.103515625000000000e+00
1.103515625000000000e+00
1.103515625000000000e+00
1.103515625000000000e+00
1.101562500000000000e+00
1.098632812500000000e+00
1.095703125000000000e+00
1.091796875000000000e+00
1.093750000000000000e+00
1.095703125000000000e+00
1.095703125000000000e+00
1.098632812500000000e+00
1.095703125000000000e+00
1.095703125000000000e+00
1.095703125000000000e+00
1.095703125000000000e+00
1.093750000000000000e+00
1.095703125000000000e+00
1.095703125000000000e+00
1.098632812500000000e+00
1.095703125000000000e+00
1.093750000000000000e+00
1.095703125000000000e+00
1.098632812500000000e+00
1.095703125000000000e+00
1.093750000000000000e+00
1.093750000000000000e+00
1.095703125000000000e+00
1.095703125000000000e+00
1.093750000000000000e+00
1.091796875000000000e+00
1.093750000000000000e+00
1.091796875000000000e+00
1.091796875000000000e+00
1.093750000000000000e+00
1.095703125000000000e+00
1.091796875000000000e+00
1.091796875000000000e+00
1.091796875000000000e+00
1.093750000000000000e+00
1.088867187500000000e+00
1.091796875000000000e+00
1.091796875000000000e+00
1.093750000000000000e+00
1.093750000000000000e+00
1.093750000000000000e+00
1.093750000000000000e+00
1.093750000000000000e+00
1.093750000000000000e+00
1.093750000000000000e+00
1.091796875000000000e+00
1.088867187500000000e+00
1.091796875000000000e+00
1.091796875000000000e+00
1.088867187500000000e+00
1.088867187500000000e+00
1.091796875000000000e+00
1.088867187500000000e+00
1.085937500000000000e+00
1.085937500000000000e+00
1.085937500000000000e+00
1.085937500000000000e+00
1.085937500000000000e+00
1.085937500000000000e+00
1.085937500000000000e+00
1.088867187500000000e+00
1.083984375000000000e+00
1.085937500000000000e+00
1.085937500000000000e+00
1.085937500000000000e+00
1.085937500000000000e+00
1.083984375000000000e+00
1.083984375000000000e+00
1.083984375000000000e+00
1.085937500000000000e+00
1.085937500000000000e+00
1.088867187500000000e+00
1.083984375000000000e+00
1.083984375000000000e+00
1.083984375000000000e+00
1.083984375000000000e+00
1.085937500000000000e+00
1.085937500000000000e+00
1.083984375000000000e+00
1.083984375000000000e+00
1.083984375000000000e+00
1.082031250000000000e+00
1.083984375000000000e+00
1.085937500000000000e+00
1.085937500000000000e+00
1.083984375000000000e+00
1.083984375000000000e+00
1.083984375000000000e+00
1.082031250000000000e+00
1.082031250000000000e+00
1.083984375000000000e+00
1.083984375000000000e+00
1.083984375000000000e+00
1.082031250000000000e+00
1.076171875000000000e+00
1.076171875000000000e+00
1.076171875000000000e+00
1.079101562500000000e+00
1.076171875000000000e+00
1.076171875000000000e+00
1.076171875000000000e+00
1.076171875000000000e+00
1.076171875000000000e+00
1.076171875000000000e+00
1.076171875000000000e+00
1.076171875000000000e+00
1.079101562500000000e+00
1.079101562500000000e+00
1.079101562500000000e+00
1.079101562500000000e+00
1.076171875000000000e+00
1.076171875000000000e+00
1.074218750000000000e+00
1.074218750000000000e+00
1.072265625000000000e+00
1.074218750000000000e+00
1.076171875000000000e+00
1.076171875000000000e+00
1.079101562500000000e+00
1.076171875000000000e+00
1.076171875000000000e+00
1.076171875000000000e+00
1.074218750000000000e+00
1.076171875000000000e+00
1.076171875000000000e+00
1.076171875000000000e+00
1.076171875000000000e+00
1.074218750000000000e+00
1.074218750000000000e+00
1.076171875000000000e+00
1.076171875000000000e+00
1.076171875000000000e+00
1.074218750000000000e+00
1.072265625000000000e+00
1.072265625000000000e+00
1.069335937500000000e+00
1.072265625000000000e+00
1.069335937500000000e+00
1.069335937500000000e+00
1.069335937500000000e+00
1.069335937500000000e+00
1.074218750000000000e+00
1.074218750000000000e+00
1.072265625000000000e+00
1.069335937500000000e+00
1.066406250000000000e+00
1.069335937500000000e+00
1.069335937500000000e+00
1.069335937500000000e+00
1.072265625000000000e+00
1.069335937500000000e+00
1.069335937500000000e+00
1.069335937500000000e+00
1.069335937500000000e+00
1.069335937500000000e+00
1.069335937500000000e+00
1.066406250000000000e+00
1.066406250000000000e+00
1.066406250000000000e+00
1.066406250000000000e+00
1.066406250000000000e+00
1.066406250000000000e+00
1.066406250000000000e+00
1.064453125000000000e+00
1.069335937500000000e+00
1.066406250000000000e+00
1.064453125000000000e+00
1.064453125000000000e+00
1.064453125000000000e+00
1.066406250000000000e+00
1.064453125000000000e+00
1.064453125000000000e+00
1.064453125000000000e+00
1.066406250000000000e+00
1.066406250000000000e+00
1.064453125000000000e+00
1.062500000000000000e+00
1.059570312500000000e+00
1.062500000000000000e+00
1.064453125000000000e+00
1.062500000000000000e+00
1.062500000000000000e+00
1.062500000000000000e+00
1.062500000000000000e+00
1.062500000000000000e+00
1.062500000000000000e+00
1.059570312500000000e+00
1.059570312500000000e+00
1.059570312500000000e+00
1.056640625000000000e+00
1.056640625000000000e+00
1.059570312500000000e+00
1.059570312500000000e+00
1.059570312500000000e+00
1.062500000000000000e+00
1.056640625000000000e+00
1.059570312500000000e+00
1.062500000000000000e+00
1.062500000000000000e+00
1.059570312500000000e+00
1.056640625000000000e+00
1.059570312500000000e+00
1.056640625000000000e+00
1.059570312500000000e+00
1.059570312500000000e+00
1.059570312500000000e+00
1.056640625000000000e+00
1.056640625000000000e+00
1.056640625000000000e+00
1.059570312500000000e+00
1.056640625000000000e+00
1.054687500000000000e+00
1.056640625000000000e+00
1.054687500000000000e+00
1.052734375000000000e+00
1.052734375000000000e+00
1.054687500000000000e+00
1.056640625000000000e+00
1.054687500000000000e+00
1.054687500000000000e+00
1.054687500000000000e+00
1.056640625000000000e+00
1.054687500000000000e+00
1.052734375000000000e+00
1.049804687500000000e+00
1.049804687500000000e+00
1.049804687500000000e+00
1.049804687500000000e+00
1.054687500000000000e+00
1.052734375000000000e+00
1.054687500000000000e+00
1.052734375000000000e+00
1.052734375000000000e+00
1.046875000000000000e+00
1.049804687500000000e+00
1.052734375000000000e+00
1.052734375000000000e+00
1.052734375000000000e+00
1.052734375000000000e+00
1.049804687500000000e+00
1.049804687500000000e+00
1.049804687500000000e+00
1.052734375000000000e+00
1.052734375000000000e+00
1.052734375000000000e+00
1.052734375000000000e+00
1.049804687500000000e+00
1.049804687500000000e+00
1.046875000000000000e+00
1.046875000000000000e+00
1.046875000000000000e+00
1.046875000000000000e+00
1.049804687500000000e+00
1.046875000000000000e+00
1.044921875000000000e+00
1.044921875000000000e+00
1.044921875000000000e+00
1.046875000000000000e+00
1.046875000000000000e+00
1.046875000000000000e+00
1.044921875000000000e+00
1.044921875000000000e+00
1.044921875000000000e+00
1.044921875000000000e+00
1.044921875000000000e+00
1.046875000000000000e+00
1.046875000000000000e+00
1.044921875000000000e+00
1.044921875000000000e+00
1.042968750000000000e+00
1.042968750000000000e+00
1.042968750000000000e+00
1.042968750000000000e+00
1.042968750000000000e+00
1.042968750000000000e+00
1.042968750000000000e+00
1.042968750000000000e+00
1.042968750000000000e+00
1.042968750000000000e+00
1.042968750000000000e+00
1.037109375000000000e+00
1.037109375000000000e+00
1.037109375000000000e+00
1.037109375000000000e+00
1.040039062500000000e+00
1.037109375000000000e+00
1.037109375000000000e+00
1.037109375000000000e+00
1.040039062500000000e+00
1.037109375000000000e+00
1.040039062500000000e+00
1.035156250000000000e+00
1.035156250000000000e+00
1.035156250000000000e+00
1.033203125000000000e+00
1.033203125000000000e+00
1.035156250000000000e+00
1.035156250000000000e+00
1.037109375000000000e+00
1.033203125000000000e+00
1.035156250000000000e+00
1.035156250000000000e+00
1.033203125000000000e+00
1.033203125000000000e+00
1.033203125000000000e+00
1.035156250000000000e+00
1.035156250000000000e+00
1.037109375000000000e+00
1.035156250000000000e+00
1.035156250000000000e+00
1.035156250000000000e+00
1.033203125000000000e+00
1.033203125000000000e+00
1.030273437500000000e+00
1.027343750000000000e+00
1.030273437500000000e+00
1.030273437500000000e+00
1.030273437500000000e+00
1.027343750000000000e+00
1.027343750000000000e+00
1.030273437500000000e+00
1.033203125000000000e+00
1.027343750000000000e+00
1.027343750000000000e+00
1.030273437500000000e+00
1.030273437500000000e+00
1.025390625000000000e+00
1.027343750000000000e+00
1.027343750000000000e+00
1.027343750000000000e+00
1.027343750000000000e+00
1.033203125000000000e+00
1.030273437500000000e+00
1.027343750000000000e+00
1.025390625000000000e+00
1.027343750000000000e+00
1.027343750000000000e+00
1.027343750000000000e+00
1.025390625000000000e+00
1.023437500000000000e+00
1.025390625000000000e+00
1.025390625000000000e+00
1.027343750000000000e+00
1.025390625000000000e+00
1.025390625000000000e+00
1.023437500000000000e+00
1.020507812500000000e+00
1.023437500000000000e+00
1.023437500000000000e+00
1.023437500000000000e+00
1.023437500000000000e+00
1.020507812500000000e+00
1.020507812500000000e+00
1.023437500000000000e+00
1.023437500000000000e+00
1.023437500000000000e+00
1.023437500000000000e+00
1.020507812500000000e+00
1.020507812500000000e+00
1.020507812500000000e+00
1.020507812500000000e+00
1.020507812500000000e+00
1.020507812500000000e+00
1.020507812500000000e+00
1.017578125000000000e+00
1.020507812500000000e+00
1.015625000000000000e+00
1.017578125000000000e+00
1.020507812500000000e+00
1.020507812500000000e+00
1.017578125000000000e+00
1.017578125000000000e+00
1.017578125000000000e+00
1.020507812500000000e+00
1.023437500000000000e+00
1.020507812500000000e+00
1.020507812500000000e+00
1.017578125000000000e+00
1.017578125000000000e+00
1.017578125000000000e+00
1.017578125000000000e+00
1.017578125000000000e+00
1.020507812500000000e+00
1.020507812500000000e+00
1.020507812500000000e+00
1.017578125000000000e+00
1.015625000000000000e+00
1.015625000000000000e+00
1.015625000000000000e+00
1.015625000000000000e+00
1.017578125000000000e+00
1.015625000000000000e+00
1.015625000000000000e+00
1.013671875000000000e+00
1.013671875000000000e+00
1.013671875000000000e+00
1.013671875000000000e+00
1.013671875000000000e+00
1.013671875000000000e+00
1.015625000000000000e+00
1.015625000000000000e+00
1.013671875000000000e+00
1.010742187500000000e+00
1.013671875000000000e+00
1.007812500000000000e+00
1.007812500000000000e+00
1.010742187500000000e+00
1.010742187500000000e+00
1.013671875000000000e+00
1.010742187500000000e+00
1.010742187500000000e+00
1.010742187500000000e+00
1.010742187500000000e+00
1.013671875000000000e+00
1.010742187500000000e+00
1.007812500000000000e+00
1.007812500000000000e+00
1.007812500000000000e+00
1.010742187500000000e+00
1.010742187500000000e+00
1.007812500000000000e+00
1.007812500000000000e+00
1.007812500000000000e+00
1.007812500000000000e+00
1.010742187500000000e+00
1.010742187500000000e+00
1.005859375000000000e+00
1.005859375000000000e+00
1.005859375000000000e+00
1.007812500000000000e+00
1.005859375000000000e+00
1.005859375000000000e+00
1.003906250000000000e+00
1.003906250000000000e+00
1.000976562500000000e+00
1.003906250000000000e+00
1.003906250000000000e+00
1.005859375000000000e+00
1.005859375000000000e+00
1.000976562500000000e+00
1.003906250000000000e+00
1.000976562500000000e+00
1.000976562500000000e+00
1.000976562500000000e+00
1.003906250000000000e+00
1.003906250000000000e+00
1.000976562500000000e+00
1.000976562500000000e+00
1.000976562500000000e+00
1.003906250000000000e+00
1.000976562500000000e+00
1.003906250000000000e+00
9.985351562500000000e-01
1.000976562500000000e+00
9.985351562500000000e-01
9.985351562500000000e-01
1.000976562500000000e+00
1.003906250000000000e+00
1.000976562500000000e+00
1.000976562500000000e+00
1.000976562500000000e+00
1.000976562500000000e+00
9.985351562500000000e-01
9.960937500000000000e-01
1.000976562500000000e+00
1.000976562500000000e+00
9.960937500000000000e-01
9.960937500000000000e-01
9.960937500000000000e-01
9.985351562500000000e-01
9.985351562500000000e-01
9.985351562500000000e-01
9.960937500000000000e-01
9.936523437500000000e-01
9.936523437500000000e-01
9.912109375000000000e-01
9.936523437500000000e-01
9.960937500000000000e-01
9.960937500000000000e-01
9.960937500000000000e-01
9.936523437500000000e-01
9.960937500000000000e-01
9.936523437500000000e-01
9.936523437500000000e-01
9.936523437500000000e-01
9.936523437500000000e-01
9.960937500000000000e-01
9.936523437500000000e-01
9.936523437500000000e-01
9.960937500000000000e-01
9.960937500000000000e-01
9.912109375000000000e-01
9.912109375000000000e-01
9.912109375000000000e-01
9.912109375000000000e-01
9.887695312500000000e-01
9.912109375000000000e-01
9.887695312500000000e-01
9.863281250000000000e-01
9.863281250000000000e-01
9.887695312500000000e-01
9.887695312500000000e-01
9.887695312500000000e-01
9.887695312500000000e-01
9.887695312500000000e-01
9.912109375000000000e-01
9.887695312500000000e-01
9.863281250000000000e-01
9.863281250000000000e-01
9.887695312500000000e-01
9.887695312500000000e-01
9.887695312500000000e-01
9.863281250000000000e-01
9.838867187500000000e-01
9.863281250000000000e-01
9.863281250000000000e-01
9.863281250000000000e-01
9.838867187500000000e-01
9.838867187500000000e-01
9.863281250000000000e-01
9.814453125000000000e-01
9.838867187500000000e-01
9.814453125000000000e-01
9.838867187500000000e-01
9.863281250000000000e-01
9.838867187500000000e-01
9.814453125000000000e-01
9.814453125000000000e-01
9.838867187500000000e-01
9.838867187500000000e-01
9.838867187500000000e-01
9.790039062500000000e-01
9.790039062500000000e-01
9.790039062500000000e-01
9.814453125000000000e-01
9.814453125000000000e-01
9.814453125000000000e-01
9.838867187500000000e-01
9.814453125000000000e-01
9.790039062500000000e-01
9.790039062500000000e-01
9.790039062500000000e-01
9.790039062500000000e-01
9.765625000000000000e-01
9.790039062500000000e-01
9.790039062500000000e-01
9.814453125000000000e-01
9.790039062500000000e-01
9.765625000000000000e-01
9.765625000000000000e-01
9.790039062500000000e-01
9.814453125000000000e-01
9.790039062500000000e-01
9.790039062500000000e-01
9.765625000000000000e-01
9.765625000000000000e-01
9.765625000000000000e-01
9.765625000000000000e-01
9.765625000000000000e-01
9.814453125000000000e-01
9.790039062500000000e-01
9.741210937500000000e-01
9.741210937500000000e-01
9.716796875000000000e-01
9.716796875000000000e-01
9.716796875000000000e-01
9.741210937500000000e-01
9.741210937500000000e-01
9.741210937500000000e-01
9.741210937500000000e-01
9.716796875000000000e-01
9.692382812500000000e-01
9.692382812500000000e-01
9.716796875000000000e-01
9.716796875000000000e-01
9.716796875000000000e-01
9.741210937500000000e-01
9.716796875000000000e-01
9.741210937500000000e-01
9.741210937500000000e-01
9.741210937500000000e-01
9.716796875000000000e-01
9.692382812500000000e-01
9.716796875000000000e-01
9.692382812500000000e-01
9.692382812500000000e-01
9.716796875000000000e-01
9.716796875000000000e-01
9.716796875000000000e-01
9.692382812500000000e-01
9.692382812500000000e-01
9.667968750000000000e-01
9.643554687500000000e-01
9.643554687500000000e-01
9.667968750000000000e-01
9.667968750000000000e-01
9.667968750000000000e-01
9.667968750000000000e-01
9.643554687500000000e-01
9.643554687500000000e-01
9.619140625000000000e-01
9.643554687500000000e-01
9.667968750000000000e-01
9.667968750000000000e-01
9.667968750000000000e-01
9.667968750000000000e-01
9.643554687500000000e-01
9.619140625000000000e-01
9.619140625000000000e-01
9.619140625000000000e-01
9.643554687500000000e-01
9.643554687500000000e-01
9.643554687500000000e-01
9.643554687500000000e-01
9.619140625000000000e-01
9.619140625000000000e-01
9.619140625000000000e-01
9.619140625000000000e-01
9.643554687500000000e-01
9.619140625000000000e-01
9.619140625000000000e-01
9.619140625000000000e-01
9.619140625000000000e-01
9.594726562500000000e-01
9.545898437500000000e-01
9.545898437500000000e-01
9.545898437500000000e-01
9.570312500000000000e-01
9.570312500000000000e-01
9.594726562500000000e-01
9.545898437500000000e-01
9.545898437500000000e-01
9.545898437500000000e-01
9.545898437500000000e-01
9.570312500000000000e-01
9.545898437500000000e-01
9.545898437500000000e-01
9.521484375000000000e-01
9.570312500000000000e-01
9.545898437500000000e-01
9.570312500000000000e-01
9.545898437500000000e-01
9.545898437500000000e-01
9.545898437500000000e-01
9.570312500000000000e-01
9.545898437500000000e-01
9.545898437500000000e-01
9.570312500000000000e-01
9.545898437500000000e-01
9.545898437500000000e-01
9.545898437500000000e-01
9.521484375000000000e-01
9.521484375000000000e-01
9.497070312500000000e-01
9.472656250000000000e-01
9.472656250000000000e-01
9.472656250000000000e-01
9.497070312500000000e-01
9.497070312500000000e-01
9.521484375000000000e-01
9.497070312500000000e-01
9.521484375000000000e-01
9.472656250000000000e-01
9.472656250000000000e-01
9.448242187500000000e-01
9.497070312500000000e-01
9.497070312500000000e-01
9.472656250000000000e-01
9.472656250000000000e-01
9.472656250000000000e-01
9.497070312500000000e-01
9.472656250000000000e-01
9.497070312500000000e-01
9.472656250000000000e-01
9.472656250000000000e-01
9.448242187500000000e-01
9.423828125000000000e-01
9.423828125000000000e-01
9.423828125000000000e-01
9.472656250000000000e-01
9.472656250000000000e-01
9.448242187500000000e-01
9.423828125000000000e-01
9.423828125000000000e-01
9.423828125000000000e-01
9.423828125000000000e-01
9.423828125000000000e-01
9.399414062500000000e-01
9.399414062500000000e-01
9.423828125000000000e-01
9.423828125000000000e-01
9.423828125000000000e-01
9.423828125000000000e-01
9.399414062500000000e-01
9.423828125000000000e-01
9.399414062500000000e-01
9.399414062500000000e-01
9.375000000000000000e-01
9.399414062500000000e-01
9.399414062500000000e-01
9.399414062500000000e-01
9.399414062500000000e-01
9.375000000000000000e-01
9.399414062500000000e-01
9.423828125000000000e-01
9.375000000000000000e-01
9.375000000000000000e-01
9.350585937500000000e-01
9.375000000000000000e-01
9.399414062500000000e-01
9.375000000000000000e-01
9.375000000000000000e-01
9.350585937500000000e-01
9.375000000000000000e-01
9.375000000000000000e-01
9.399414062500000000e-01
9.350585937500000000e-01
9.375000000000000000e-01
9.375000000000000000e-01
9.375000000000000000e-01
9.350585937500000000e-01
9.326171875000000000e-01
9.301757812500000000e-01
9.326171875000000000e-01
9.326171875000000000e-01
9.326171875000000000e-01
9.326171875000000000e-01
9.301757812500000000e-01
9.301757812500000000e-01
9.326171875000000000e-01
9.326171875000000000e-01
9.277343750000000000e-01
9.301757812500000000e-01
9.301757812500000000e-01
9.326171875000000000e-01
9.301757812500000000e-01
9.301757812500000000e-01
9.301757812500000000e-01
9.326171875000000000e-01
9.301757812500000000e-01
9.277343750000000000e-01
9.301757812500000000e-01
9.277343750000000000e-01
9.301757812500000000e-01
9.301757812500000000e-01
9.301757812500000000e-01
9.252929687500000000e-01
9.277343750000000000e-01
9.277343750000000000e-01
9.277343750000000000e-01
9.277343750000000000e-01
9.277343750000000000e-01
9.301757812500000000e-01
9.301757812500000000e-01
9.301757812500000000e-01
9.277343750000000000e-01
9.277343750000000000e-01
9.277343750000000000e-01
9.277343750000000000e-01
9.277343750000000000e-01
9.301757812500000000e-01
9.301757812500000000e-01
9.277343750000000000e-01
9.277343750000000000e-01
9.204101562500000000e-01
9.228515625000000000e-01
9.204101562500000000e-01
9.204101562500000000e-01
9.204101562500000000e-01
9.204101562500000000e-01
9.252929687500000000e-01
9.228515625000000000e-01
9.228515625000000000e-01
9.204101562500000000e-01
9.204101562500000000e-01
9.228515625000000000e-01
9.228515625000000000e-01
9.228515625000000000e-01
9.204101562500000000e-01
9.204101562500000000e-01
9.204101562500000000e-01
9.204101562500000000e-01
9.228515625000000000e-01
9.228515625000000000e-01
9.228515625000000000e-01
9.179687500000000000e-01
9.204101562500000000e-01
9.179687500000000000e-01
9.179687500000000000e-01
9.179687500000000000e-01
9.204101562500000000e-01
9.204101562500000000e-01
9.179687500000000000e-01
9.179687500000000000e-01
9.179687500000000000e-01
9.130859375000000000e-01
9.155273437500000000e-01
9.179687500000000000e-01
9.155273437500000000e-01
9.130859375000000000e-01
9.130859375000000000e-01
9.130859375000000000e-01
9.130859375000000000e-01
9.130859375000000000e-01
9.155273437500000000e-01
9.179687500000000000e-01
9.179687500000000000e-01
9.179687500000000000e-01
9.130859375000000000e-01
9.130859375000000000e-01
9.130859375000000000e-01
9.106445312500000000e-01
9.130859375000000000e-01
9.130859375000000000e-01
9.130859375000000000e-01
9.155273437500000000e-01
9.155273437500000000e-01
9.130859375000000000e-01
9.130859375000000000e-01
9.106445312500000000e-01
9.082031250000000000e-01
9.106445312500000000e-01
9.130859375000000000e-01
9.130859375000000000e-01
9.130859375000000000e-01
9.106445312500000000e-01
9.106445312500000000e-01
9.106445312500000000e-01
9.106445312500000000e-01
9.106445312500000000e-01
9.130859375000000000e-01
9.130859375000000000e-01
9.106445312500000000e-01
9.057617187500000000e-01
9.033203125000000000e-01
9.057617187500000000e-01
9.057617187500000000e-01
9.082031250000000000e-01
9.057617187500000000e-01
9.057617187500000000e-01
9.057617187500000000e-01
9.057617187500000000e-01
9.057617187500000000e-01
9.057617187500000000e-01
9.033203125000000000e-01
9.057617187500000000e-01
9.057617187500000000e-01
9.057617187500000000e-01
9.057617187500000000e-01
9.057617187500000000e-01
9.057617187500000000e-01
9.057617187500000000e-01
9.033203125000000000e-01
9.033203125000000000e-01
9.033203125000000000e-01
9.033203125000000000e-01
9.008789062500000000e-01
9.008789062500000000e-01
8.984375000000000000e-01
9.008789062500000000e-01
8.984375000000000000e-01
9.008789062500000000e-01
8.984375000000000000e-01
8.984375000000000000e-01
8.984375000000000000e-01
9.033203125000000000e-01
9.008789062500000000e-01
8.984375000000000000e-01
8.959960937500000000e-01
8.959960937500000000e-01
8.959960937500000000e-01
8.984375000000000000e-01
8.984375000000000000e-01
9.008789062500000000e-01
8.984375000000000000e-01
8.959960937500000000e-01
8.959960937500000000e-01
8.935546875000000000e-01
8.935546875000000000e-01
8.935546875000000000e-01
8.959960937500000000e-01
8.959960937500000000e-01
8.984375000000000000e-01
8.935546875000000000e-01
8.959960937500000000e-01
8.935546875000000000e-01
8.935546875000000000e-01
8.959960937500000000e-01
8.959960937500000000e-01
8.959960937500000000e-01
8.911132812500000000e-01
8.886718750000000000e-01
8.886718750000000000e-01
8.911132812500000000e-01
8.935546875000000000e-01
8.935546875000000000e-01
8.935546875000000000e-01
8.911132812500000000e-01
8.886718750000000000e-01
8.886718750000000000e-01
8.862304687500000000e-01
8.862304687500000000e-01
8.886718750000000000e-01
8.886718750000000000e-01
8.862304687500000000e-01
8.862304687500000000e-01
8.886718750000000000e-01
8.886718750000000000e-01
8.886718750000000000e-01
8.886718750000000000e-01
8.886718750000000000e-01
8.862304687500000000e-01
8.862304687500000000e-01
8.837890625000000000e-01
8.837890625000000000e-01
8.862304687500000000e-01
8.862304687500000000e-01
8.837890625000000000e-01
8.862304687500000000e-01
8.862304687500000000e-01
8.862304687500000000e-01
8.813476562500000000e-01
8.813476562500000000e-01
8.813476562500000000e-01
8.813476562500000000e-01
8.813476562500000000e-01
8.813476562500000000e-01
8.813476562500000000e-01
8.837890625000000000e-01
8.813476562500000000e-01
8.813476562500000000e-01
8.789062500000000000e-01
8.789062500000000000e-01
8.813476562500000000e-01
8.813476562500000000e-01
8.813476562500000000e-01
8.813476562500000000e-01
8.764648437500000000e-01
8.764648437500000000e-01
8.764648437500000000e-01
8.789062500000000000e-01
8.789062500000000000e-01
8.813476562500000000e-01
8.813476562500000000e-01
8.813476562500000000e-01
8.764648437500000000e-01
8.764648437500000000e-01
8.715820312500000000e-01
8.715820312500000000e-01
8.740234375000000000e-01
8.740234375000000000e-01
8.740234375000000000e-01
8.715820312500000000e-01
8.740234375000000000e-01
8.740234375000000000e-01
8.764648437500000000e-01
8.740234375000000000e-01
8.740234375000000000e-01
8.715820312500000000e-01
8.715820312500000000e-01
8.691406250000000000e-01
8.715820312500000000e-01
8.715820312500000000e-01
8.715820312500000000e-01
8.740234375000000000e-01
8.691406250000000000e-01
8.691406250000000000e-01
8.666992187500000000e-01
8.715820312500000000e-01
8.691406250000000000e-01
8.691406250000000000e-01
8.715820312500000000e-01
8.715820312500000000e-01
8.740234375000000000e-01
8.691406250000000000e-01
8.691406250000000000e-01
8.666992187500000000e-01
8.642578125000000000e-01
8.642578125000000000e-01
8.618164062500000000e-01
8.666992187500000000e-01
8.666992187500000000e-01
8.642578125000000000e-01
8.666992187500000000e-01
8.666992187500000000e-01
8.642578125000000000e-01
8.642578125000000000e-01
8.642578125000000000e-01
8.642578125000000000e-01
8.618164062500000000e-01
8.618164062500000000e-01
8.593750000000000000e-01
8.618164062500000000e-01
8.593750000000000000e-01
8.593750000000000000e-01
8.569335937500000000e-01
8.569335937500000000e-01
8.569335937500000000e-01
8.593750000000000000e-01
